center_x = 9.82652
center_y = 6.73706
center_z = 28.1225
size_x = 22.5
size_y = 22.5
size_z = 22.5
