center_x = 7.24543
center_y = 1.62039
center_z = 28.3198
size_x = 22.5
size_y = 22.5
size_z = 22.5
