center_x = -4.03213
center_y = 4.46665
center_z = 14.7022
size_x = 22.5
size_y = 22.5
size_z = 22.5
