center_x = -2.81122
center_y = 56.4124
center_z = -8.90691
size_x = 22.5
size_y = 22.5
size_z = 22.5
