center_x = -2.78988
center_y = 4.78075
center_z = 10.3775
size_x = 22.5
size_y = 22.5
size_z = 22.5
