center_x = -0.290321
center_y = 4.44082
center_z = 37.5301
size_x = 22.5
size_y = 22.5
size_z = 22.5
