center_x = 7.93064
center_y = 0.4032
center_z = -5.33828
size_x = 22.5
size_y = 22.5
size_z = 22.5
