center_x = -3.66891
center_y = 5.46086
center_z = 14.8851
size_x = 22.5
size_y = 22.5
size_z = 22.5
