center_x = -3.88826
center_y = 5.13817
center_z = 14.744
size_x = 22.5
size_y = 22.5
size_z = 22.5
