center_x = -4.17227
center_y = 4.18409
center_z = 14.6285
size_x = 22.5
size_y = 22.5
size_z = 22.5
