center_x = -4.01644
center_y = 4.84448
center_z = 14.4153
size_x = 22.5
size_y = 22.5
size_z = 22.5
