center_x = -4.18379
center_y = 4.85647
center_z = 14.8266
size_x = 22.5
size_y = 22.5
size_z = 22.5
