center_x = -0.439571
center_y = 2.45236
center_z = 42.6882
size_x = 22.5
size_y = 22.5
size_z = 22.5
