center_x = 8.58986
center_y = 1.62557
center_z = 25.3371
size_x = 22.5
size_y = 22.5
size_z = 22.5
