center_x = 8.97203
center_y = 2.09778
center_z = 24.8227
size_x = 22.5
size_y = 22.5
size_z = 22.5
