center_x = 8.82244
center_y = 0.944056
center_z = 25.0496
size_x = 22.5
size_y = 22.5
size_z = 22.5
