center_x = -4.31984
center_y = 3.63005
center_z = 14.5478
size_x = 22.5
size_y = 22.5
size_z = 22.5
