center_x = -0.22797
center_y = 9.73167
center_z = 15.3103
size_x = 22.5
size_y = 22.5
size_z = 22.5
