center_x = 5.37914
center_y = -2.48655
center_z = 14.8688
size_x = 22.5
size_y = 22.5
size_z = 22.5
