center_x = 5.87064
center_y = -0.727222
center_z = 13.3558
size_x = 22.5
size_y = 22.5
size_z = 22.5
