center_x = 9.24196
center_y = 13.4151
center_z = -5.98132
size_x = 22.5
size_y = 22.5
size_z = 22.5
