center_x = 60.1952
center_y = -4.23183
center_z = -0.306667
size_x = 22.5
size_y = 22.5
size_z = 22.5
