center_x = 60.1968
center_y = -4.72108
center_z = -0.680917
size_x = 22.5
size_y = 22.5
size_z = 22.5
