center_x = 1.16161
center_y = 28.3933
center_z = 8.56983
size_x = 22.5
size_y = 22.5
size_z = 22.5
