center_x = 1.17656
center_y = 27.6004
center_z = 8.76817
size_x = 22.5
size_y = 22.5
size_z = 22.5
