center_x = 42.9998
center_y = 9.25186e-18
center_z = 5.81108
size_x = 22.5
size_y = 22.5
size_z = 22.5
