center_x = -4.26205
center_y = 3.74432
center_z = 14.1813
size_x = 22.5
size_y = 22.5
size_z = 22.5
