center_x = 7.38341
center_y = 4.83412
center_z = 22.3234
size_x = 22.5
size_y = 22.5
size_z = 22.5
