center_x = 7.18281
center_y = 4.74271
center_z = 22.2749
size_x = 22.5
size_y = 22.5
size_z = 22.5
