center_x = -6.46476
center_y = 2.79715
center_z = 1.0292
size_x = 22.5
size_y = 22.5
size_z = 22.5
