center_x = 25.0424
center_y = 5.34207
center_z = 9.59532
size_x = 22.5
size_y = 22.5
size_z = 22.5
