center_x = 6.76695
center_y = 6.93468
center_z = 22.0894
size_x = 22.5
size_y = 22.5
size_z = 22.5
