center_x = 3.65765
center_y = -4.60373
center_z = -0.0227255
size_x = 22.5
size_y = 22.5
size_z = 22.5
