center_x = 7.39549
center_y = 5.25149
center_z = 20.3156
size_x = 22.5
size_y = 22.5
size_z = 22.5
