center_x = -3.65652
center_y = 5.16024
center_z = 14.6567
size_x = 22.5
size_y = 22.5
size_z = 22.5
