center_x = -3.45141
center_y = 5.46432
center_z = 14.6478
size_x = 22.5
size_y = 22.5
size_z = 22.5
