center_x = -5.38556
center_y = 7.97218
center_z = 12.1961
size_x = 22.5
size_y = 22.5
size_z = 22.5
