center_x = -3.72055
center_y = 5.63427
center_z = 14.324
size_x = 22.5
size_y = 22.5
size_z = 22.5
