center_x = -3.47476
center_y = 6.38804
center_z = 14.4164
size_x = 22.5
size_y = 22.5
size_z = 22.5
