center_x = 9.66238
center_y = 18.3832
center_z = 9.11505
size_x = 22.5
size_y = 22.5
size_z = 22.5
