center_x = 8.65465
center_y = 18.2812
center_z = 9.50823
size_x = 22.5
size_y = 22.5
size_z = 22.5
