center_x = 9.46023
center_y = 3.78842
center_z = 25.2071
size_x = 22.5
size_y = 22.5
size_z = 22.5
