center_x = 9.72923
center_y = 4.52548
center_z = 24.2147
size_x = 22.5
size_y = 22.5
size_z = 22.5
