center_x = 9.66591
center_y = 3.46313
center_z = 24.3838
size_x = 22.5
size_y = 22.5
size_z = 22.5
