center_x = 1.96987
center_y = 27.5588
center_z = 8.82487
size_x = 22.5
size_y = 22.5
size_z = 22.5
