center_x = 1.90203
center_y = 25.4359
center_z = 8.14437
size_x = 22.5
size_y = 22.5
size_z = 22.5
