center_x = 1.66848
center_y = 27.2988
center_z = 9.22915
size_x = 22.5
size_y = 22.5
size_z = 22.5
