center_x = 10.5628
center_y = -9.37431
center_z = 9.31814
size_x = 22.5
size_y = 22.5
size_z = 22.5
