center_x = 1.11622
center_y = 28.6549
center_z = 9.12244
size_x = 22.5
size_y = 22.5
size_z = 22.5
