center_x = -5.78463
center_y = 0.98425
center_z = 15.8526
size_x = 22.5
size_y = 22.5
size_z = 22.5
