center_x = 5.25739
center_y = -1.53798
center_z = 14.0348
size_x = 22.5
size_y = 22.5
size_z = 22.5
