center_x = 5.50737
center_y = -0.926458
center_z = 12.8615
size_x = 22.5
size_y = 22.5
size_z = 22.5
