center_x = 9.92049
center_y = 16.2313
center_z = 8.82529
size_x = 22.5
size_y = 22.5
size_z = 22.5
