center_x = 6.09971
center_y = 0.0416552
center_z = 12.5212
size_x = 22.5
size_y = 22.5
size_z = 22.5
