center_x = 9.99244
center_y = -10.532
center_z = 7.19156
size_x = 22.5
size_y = 22.5
size_z = 22.5
