center_x = 5.32005
center_y = -1.49727
center_z = 14.1498
size_x = 22.5
size_y = 22.5
size_z = 22.5
