center_x = 5.28914
center_y = -1.36241
center_z = 14.226
size_x = 22.5
size_y = 22.5
size_z = 22.5
