center_x = 5.31955
center_y = -1.41306
center_z = 14.0842
size_x = 22.5
size_y = 22.5
size_z = 22.5
