center_x = -17.0312
center_y = -6.00215
center_z = 7.03015
size_x = 22.5
size_y = 22.5
size_z = 22.5
