center_x = -4.34427
center_y = 5.30593
center_z = 13.4593
size_x = 22.5
size_y = 22.5
size_z = 22.5
