center_x = -4.09624
center_y = 4.68348
center_z = 14.7066
size_x = 22.5
size_y = 22.5
size_z = 22.5
