center_x = -4.64086
center_y = 4.97597
center_z = 13.747
size_x = 22.5
size_y = 22.5
size_z = 22.5
