center_x = -3.65314
center_y = 4.58523
center_z = 14.7517
size_x = 22.5
size_y = 22.5
size_z = 22.5
