center_x = -5.96854
center_y = 6.34961
center_z = 12.3958
size_x = 22.5
size_y = 22.5
size_z = 22.5
