center_x = -3.35923
center_y = 5.52796
center_z = 14.382
size_x = 22.5
size_y = 22.5
size_z = 22.5
