center_x = -7.29756
center_y = 15.6769
center_z = -1.75822
size_x = 22.5
size_y = 22.5
size_z = 22.5
