center_x = 1.60926
center_y = 4.26993
center_z = 70.9131
size_x = 22.5
size_y = 22.5
size_z = 22.5
