center_x = 4.90184
center_y = -1.69913
center_z = 13.8459
size_x = 22.5
size_y = 22.5
size_z = 22.5
