center_x = -4.75495
center_y = 4.03163
center_z = 14.7075
size_x = 22.5
size_y = 22.5
size_z = 22.5
