center_x = -4.94427
center_y = 3.37753
center_z = 14.8685
size_x = 22.5
size_y = 22.5
size_z = 22.5
