center_x = 5.87432
center_y = 7.97702
center_z = 22.4585
size_x = 22.5
size_y = 22.5
size_z = 22.5
