center_x = 7.61819
center_y = 6.59767
center_z = 23.3365
size_x = 22.5
size_y = 22.5
size_z = 22.5
