center_x = 7.33462
center_y = 6.81547
center_z = 22.9755
size_x = 22.5
size_y = 22.5
size_z = 22.5
