center_x = 7.56669
center_y = 6.98875
center_z = 23.2328
size_x = 22.5
size_y = 22.5
size_z = 22.5
