center_x = 20.5271
center_y = 4.95967
center_z = 4.45797
size_x = 22.5
size_y = 22.5
size_z = 22.5
