center_x = 5.33816
center_y = -2.32802
center_z = 14.763
size_x = 22.5
size_y = 22.5
size_z = 22.5
