center_x = 5.06264
center_y = 6.46419
center_z = 16.8576
size_x = 22.5
size_y = 22.5
size_z = 22.5
