center_x = 4.80403
center_y = 6.35223
center_z = 16.9201
size_x = 22.5
size_y = 22.5
size_z = 22.5
