center_x = 8.69229
center_y = 1.77995
center_z = 25.2515
size_x = 22.5
size_y = 22.5
size_z = 22.5
