center_x = -5.32865
center_y = 3.63047
center_z = 15.5068
size_x = 22.5
size_y = 22.5
size_z = 22.5
