center_x = 73.0715
center_y = 2.76988
center_z = 7.90338
size_x = 22.5
size_y = 22.5
size_z = 22.5
