center_x = 73.2669
center_y = 2.67969
center_z = 7.94438
size_x = 22.5
size_y = 22.5
size_z = 22.5
