center_x = 73.4148
center_y = 2.80212
center_z = 8.10938
size_x = 22.5
size_y = 22.5
size_z = 22.5
