center_x = 1.65445
center_y = 6.92177
center_z = 26.7335
size_x = 22.5
size_y = 22.5
size_z = 22.5
