center_x = 4.41024
center_y = 8.84048
center_z = 4.28324
size_x = 22.5
size_y = 22.5
size_z = 22.5
