center_x = -4.77752
center_y = 3.28965
center_z = 35.0276
size_x = 22.5
size_y = 22.5
size_z = 22.5
