center_x = 0.968588
center_y = -8.33812
center_z = -7.01874
size_x = 22.5
size_y = 22.5
size_z = 22.5
