center_x = 6.96448
center_y = 25.7578
center_z = 3.24043
size_x = 22.5
size_y = 22.5
size_z = 22.5
