center_x = 6.42892
center_y = -4.37184
center_z = 16.444
size_x = 22.5
size_y = 22.5
size_z = 22.5
