center_x = 7.79762
center_y = -1.48441
center_z = 31.5492
size_x = 22.5
size_y = 22.5
size_z = 22.5
