center_x = -3.48331
center_y = 2.00356
center_z = 29.1846
size_x = 22.5
size_y = 22.5
size_z = 22.5
