center_x = 73.2102
center_y = 2.84981
center_z = 7.82181
size_x = 22.5
size_y = 22.5
size_z = 22.5
