center_x = 73.1545
center_y = 2.86642
center_z = 7.80835
size_x = 22.5
size_y = 22.5
size_z = 22.5
