center_x = 11.7341
center_y = -8.84418
center_z = 9.57994
size_x = 22.5
size_y = 22.5
size_z = 22.5
