center_x = 73.1438
center_y = 2.83804
center_z = 7.82038
size_x = 22.5
size_y = 22.5
size_z = 22.5
