center_x = -2.72339
center_y = 24.0077
center_z = 6.32664
size_x = 22.5
size_y = 22.5
size_z = 22.5
