center_x = 33.0653
center_y = 7.26103
center_z = 9.12423
size_x = 22.5
size_y = 22.5
size_z = 22.5
