center_x = 33.6637
center_y = 5.73083
center_z = 9.92502
size_x = 22.5
size_y = 22.5
size_z = 22.5
