center_x = 7.43525
center_y = 8.39421
center_z = 43.1466
size_x = 22.5
size_y = 22.5
size_z = 22.5
