center_x = 2.60296
center_y = -5.92179
center_z = 0.196208
size_x = 22.5
size_y = 22.5
size_z = 22.5
