center_x = 1.93786
center_y = 2.29169
center_z = 13.2964
size_x = 22.5
size_y = 22.5
size_z = 22.5
