center_x = 46.3711
center_y = 1.64653
center_z = -9.87795
size_x = 22.5
size_y = 22.5
size_z = 22.5
