center_x = 2.33535
center_y = 0.725346
center_z = 41.7109
size_x = 22.5
size_y = 22.5
size_z = 22.5
