center_x = 1.76172
center_y = 1.72643
center_z = -10.3267
size_x = 22.5
size_y = 22.5
size_z = 22.5
