center_x = 6.11718
center_y = -2.50382
center_z = 56.7974
size_x = 22.5
size_y = 22.5
size_z = 22.5
