center_x = 2.32632
center_y = 48.8603
center_z = -9.92816
size_x = 22.5
size_y = 22.5
size_z = 22.5
