center_x = 1.80148
center_y = 63.1475
center_z = 8.29345
size_x = 22.5
size_y = 22.5
size_z = 22.5
