center_x = 0.586111
center_y = 34.3471
center_z = -3.66056
size_x = 22.5
size_y = 22.5
size_z = 22.5
