center_x = -5.28131
center_y = 3.37508
center_z = 15.4998
size_x = 22.5
size_y = 22.5
size_z = 22.5
