center_x = -5.52962
center_y = 3.13385
center_z = 14.987
size_x = 22.5
size_y = 22.5
size_z = 22.5
