center_x = 1.25607
center_y = 29.0089
center_z = 8.86657
size_x = 22.5
size_y = 22.5
size_z = 22.5
