center_x = 9.53388
center_y = -4.29153
center_z = -3.50392
size_x = 22.5
size_y = 22.5
size_z = 22.5
