center_x = 5.40098
center_y = -1.07298
center_z = 13.9306
size_x = 22.5
size_y = 22.5
size_z = 22.5
