center_x = 32.0363
center_y = 7.75456
center_z = 9.08373
size_x = 22.5
size_y = 22.5
size_z = 22.5
