center_x = 27.9772
center_y = 2.35717
center_z = 6.25245
size_x = 22.5
size_y = 22.5
size_z = 22.5
