center_x = -4.97005
center_y = 5.74995
center_z = 13.6914
size_x = 22.5
size_y = 22.5
size_z = 22.5
