center_x = -24.0508
center_y = 4.21033
center_z = -6.25238
size_x = 22.5
size_y = 22.5
size_z = 22.5
