center_x = -1.93212
center_y = 24.4382
center_z = 8.14554
size_x = 22.5
size_y = 22.5
size_z = 22.5
