center_x = 1.41037
center_y = 7.34785
center_z = 27.7495
size_x = 22.5
size_y = 22.5
size_z = 22.5
