center_x = 31.46
center_y = 7.73772
center_z = 9.46262
size_x = 22.5
size_y = 22.5
size_z = 22.5
