center_x = 27.1872
center_y = 2.45095
center_z = 3.90652
size_x = 22.5
size_y = 22.5
size_z = 22.5
