center_x = -4.57886
center_y = 4.90286
center_z = 14.325
size_x = 22.5
size_y = 22.5
size_z = 22.5
