center_x = 26.9383
center_y = 3.43543
center_z = 4.05276
size_x = 22.5
size_y = 22.5
size_z = 22.5
