center_x = 6.37464
center_y = -3.04472
center_z = 17.5396
size_x = 22.5
size_y = 22.5
size_z = 22.5
