center_x = 47.5359
center_y = 9.70792
center_z = 2.43241
size_x = 22.5
size_y = 22.5
size_z = 22.5
