center_x = 4.06247
center_y = 4.10705
center_z = -6.09116
size_x = 22.5
size_y = 22.5
size_z = 22.5
