center_x = -2.06679
center_y = 1.78921
center_z = 19.7216
size_x = 22.5
size_y = 22.5
size_z = 22.5
