center_x = -2.98025
center_y = -0.952679
center_z = 23.0424
size_x = 22.5
size_y = 22.5
size_z = 22.5
