center_x = 8.37265
center_y = -4.92238
center_z = 7.96716
size_x = 22.5
size_y = 22.5
size_z = 22.5
