center_x = 7.63003
center_y = 6.69156
center_z = 22.7405
size_x = 22.5
size_y = 22.5
size_z = 22.5
