center_x = 3.25412
center_y = -4.99616
center_z = 18.8128
size_x = 22.5
size_y = 22.5
size_z = 22.5
