center_x = 3.60978
center_y = -5.08326
center_z = 18.5987
size_x = 22.5
size_y = 22.5
size_z = 22.5
