center_x = 5.01088
center_y = 1.83615
center_z = 9.90865
size_x = 22.5
size_y = 22.5
size_z = 22.5
