center_x = 5.76917
center_y = -4.01767
center_z = 17.562
size_x = 22.5
size_y = 22.5
size_z = 22.5
