center_x = 6.10574
center_y = -3.45796
center_z = 17.9044
size_x = 22.5
size_y = 22.5
size_z = 22.5
