center_x = 17.2217
center_y = -1.44517
center_z = 9.58228
size_x = 22.5
size_y = 22.5
size_z = 22.5
