center_x = 4.14646
center_y = 48.7967
center_z = 2.17125
size_x = 22.5
size_y = 22.5
size_z = 22.5
