center_x = 2.82496
center_y = 47.1954
center_z = 1.57664
size_x = 22.5
size_y = 22.5
size_z = 22.5
