center_x = 1.92243
center_y = 28.2723
center_z = 9.00211
size_x = 22.5
size_y = 22.5
size_z = 22.5
