center_x = 11.082
center_y = -9.75374
center_z = 9.69041
size_x = 22.5
size_y = 22.5
size_z = 22.5
