center_x = 11.167
center_y = -9.61737
center_z = 9.94093
size_x = 22.5
size_y = 22.5
size_z = 22.5
