center_x = -23.0245
center_y = 1.03229
center_z = 5.25777
size_x = 22.5
size_y = 22.5
size_z = 22.5
