center_x = 42.977
center_y = 1.11172
center_z = 4.96006
size_x = 22.5
size_y = 22.5
size_z = 22.5
