center_x = -19.181
center_y = 1.63295
center_z = 3.35243
size_x = 22.5
size_y = 22.5
size_z = 22.5
