center_x = 3.19874
center_y = -5.32242
center_z = 17.1664
size_x = 22.5
size_y = 22.5
size_z = 22.5
