center_x = 17.5149
center_y = -4.21935
center_z = -6.04618
size_x = 22.5
size_y = 22.5
size_z = 22.5
