center_x = 17.6236
center_y = -3.93715
center_z = -6.96503
size_x = 22.5
size_y = 22.5
size_z = 22.5
