center_x = 6.37369
center_y = 5.14641
center_z = 24.6977
size_x = 22.5
size_y = 22.5
size_z = 22.5
