center_x = -13.2767
center_y = -3.51015
center_z = 5.90194
size_x = 22.5
size_y = 22.5
size_z = 22.5
