center_x = -2.39397
center_y = 8.39394
center_z = -17.816
size_x = 22.5
size_y = 22.5
size_z = 22.5
