center_x = -2.37163
center_y = 8.30967
center_z = -19.2015
size_x = 22.5
size_y = 22.5
size_z = 22.5
