center_x = -4.23542
center_y = 9.24346
center_z = -17.9395
size_x = 22.5
size_y = 22.5
size_z = 22.5
