center_x = 7.71344
center_y = 6.55031
center_z = 22.5277
size_x = 22.5
size_y = 22.5
size_z = 22.5
