center_x = -0.495607
center_y = 10.8195
center_z = 7.28357
size_x = 22.5
size_y = 22.5
size_z = 22.5
