center_x = -0.921909
center_y = 3.93936
center_z = 11.3528
size_x = 22.5
size_y = 22.5
size_z = 22.5
