center_x = 9.23582
center_y = -5.89446
center_z = 39.0906
size_x = 22.5
size_y = 22.5
size_z = 22.5
