center_x = 1.99018
center_y = -7.50097
center_z = -24.5694
size_x = 22.5
size_y = 22.5
size_z = 22.5
