center_x = 52.9469
center_y = -7.47893
center_z = 9.25627
size_x = 22.5
size_y = 22.5
size_z = 22.5
