center_x = 5.89865
center_y = 0.32015
center_z = -5.71595
size_x = 22.5
size_y = 22.5
size_z = 22.5
