center_x = 9.80078
center_y = -2.09288
center_z = 48.8044
size_x = 22.5
size_y = 22.5
size_z = 22.5
