center_x = 9.88121
center_y = 7.33825
center_z = 51.1582
size_x = 22.5
size_y = 22.5
size_z = 22.5
