center_x = 52.4859
center_y = -6.80537
center_z = 9.14444
size_x = 22.5
size_y = 22.5
size_z = 22.5
