center_x = 4.40362
center_y = 2.89199
center_z = 10.1095
size_x = 22.5
size_y = 22.5
size_z = 22.5
