center_x = -6.81857
center_y = -8.31988
center_z = -16.6866
size_x = 22.5
size_y = 22.5
size_z = 22.5
