center_x = 3.08469
center_y = 0.240483
center_z = 4.83314
size_x = 22.5
size_y = 22.5
size_z = 22.5
