center_x = -4.26596
center_y = -3.67371
center_z = 31.3575
size_x = 22.5
size_y = 22.5
size_z = 22.5
