center_x = -3.49373
center_y = 8.16745
center_z = 11.8533
size_x = 22.5
size_y = 22.5
size_z = 22.5
