center_x = -5.11478
center_y = 5.52494
center_z = -16.3912
size_x = 22.5
size_y = 22.5
size_z = 22.5
