center_x = 7.4057
center_y = 9.31455
center_z = 3.83935
size_x = 22.5
size_y = 22.5
size_z = 22.5
