center_x = 7.21474
center_y = 3.43916
center_z = 27.1862
size_x = 22.5
size_y = 22.5
size_z = 22.5
