center_x = -9.29104
center_y = -10.5857
center_z = 2.21689
size_x = 22.5
size_y = 22.5
size_z = 22.5
