center_x = 2.54668
center_y = 8.65679
center_z = 42.3542
size_x = 22.5
size_y = 22.5
size_z = 22.5
