center_x = 5.12026
center_y = 12.2206
center_z = -2.70736
size_x = 22.5
size_y = 22.5
size_z = 22.5
