center_x = 25.3042
center_y = -6.94586
center_z = 3.04105
size_x = 22.5
size_y = 22.5
size_z = 22.5
