center_x = 47.7899
center_y = 8.55356
center_z = -2.78737
size_x = 22.5
size_y = 22.5
size_z = 22.5
