center_x = -0.120841
center_y = 7.66339
center_z = 18.9571
size_x = 22.5
size_y = 22.5
size_z = 22.5
