center_x = 1.45872
center_y = 8.12133
center_z = 37.6582
size_x = 22.5
size_y = 22.5
size_z = 22.5
