center_x = 1.43728
center_y = 8.00641
center_z = 37.8255
size_x = 22.5
size_y = 22.5
size_z = 22.5
