center_x = 3.89711
center_y = -7.61989
center_z = 5.41443
size_x = 22.5
size_y = 22.5
size_z = 22.5
