center_x = 19.6579
center_y = -2.51548
center_z = 8.62421
size_x = 22.5
size_y = 22.5
size_z = 22.5
