center_x = 18.1178
center_y = -2.55169
center_z = 9.50131
size_x = 22.5
size_y = 22.5
size_z = 22.5
