center_x = 7.13729
center_y = 28.2663
center_z = 7.55337
size_x = 22.5
size_y = 22.5
size_z = 22.5
