center_x = 5.78268
center_y = 27.7779
center_z = 6.43264
size_x = 22.5
size_y = 22.5
size_z = 22.5
