center_x = -5.57781
center_y = -8.56137
center_z = -17.4095
size_x = 22.5
size_y = 22.5
size_z = 22.5
