center_x = 41.563
center_y = -2.07391
center_z = 0.151157
size_x = 22.5
size_y = 22.5
size_z = 22.5
