center_x = 8.24707
center_y = 6.18523
center_z = 22.2528
size_x = 22.5
size_y = 22.5
size_z = 22.5
