center_x = 8.04184
center_y = 6.44542
center_z = 21.6294
size_x = 22.5
size_y = 22.5
size_z = 22.5
