center_x = 7.96668
center_y = 6.04145
center_z = 22.0154
size_x = 22.5
size_y = 22.5
size_z = 22.5
