center_x = 9.58992
center_y = -2.515
center_z = 7.56781
size_x = 22.5
size_y = 22.5
size_z = 22.5
