center_x = 5.25892
center_y = 0.33215
center_z = 4.74987
size_x = 22.5
size_y = 22.5
size_z = 22.5
