center_x = 6.61373
center_y = -5.2359
center_z = 5.00315
size_x = 22.5
size_y = 22.5
size_z = 22.5
