center_x = 3.03368
center_y = -5.6859
center_z = -7.67514
size_x = 22.5
size_y = 22.5
size_z = 22.5
