center_x = 6.42791
center_y = -16.8891
center_z = 5.50241
size_x = 22.5
size_y = 22.5
size_z = 22.5
