center_x = 9.26194
center_y = 2.77504
center_z = 2.14482
size_x = 22.5
size_y = 22.5
size_z = 22.5
