center_x = 10.9253
center_y = -3.46672
center_z = -8.27248
size_x = 22.5
size_y = 22.5
size_z = 22.5
