center_x = 4.24343
center_y = 1.15147
center_z = 13.0704
size_x = 22.5
size_y = 22.5
size_z = 22.5
