center_x = 4.06481
center_y = 1.06722
center_z = 13.1846
size_x = 22.5
size_y = 22.5
size_z = 22.5
