center_x = 3.81779
center_y = 6.83501
center_z = 2.95143
size_x = 22.5
size_y = 22.5
size_z = 22.5
