center_x = -5.28617
center_y = 0.998167
center_z = 16.1728
size_x = 22.5
size_y = 22.5
size_z = 22.5
