center_x = -5.80744
center_y = 2.12411
center_z = 15.7428
size_x = 22.5
size_y = 22.5
size_z = 22.5
