center_x = 4.22912
center_y = -11.5392
center_z = 9.50588
size_x = 22.5
size_y = 22.5
size_z = 22.5
