center_x = 4.25862
center_y = 57.1012
center_z = 5.49344
size_x = 22.5
size_y = 22.5
size_z = 22.5
