center_x = 9.34266
center_y = 33.5622
center_z = 6.00269
size_x = 22.5
size_y = 22.5
size_z = 22.5
