center_x = 16.1973
center_y = 0.00541667
center_z = 0.222659
size_x = 22.5
size_y = 22.5
size_z = 22.5
