center_x = 16.9167
center_y = 0.0201061
center_z = 0.676227
size_x = 22.5
size_y = 22.5
size_z = 22.5
