center_x = 8.08398
center_y = -13.8294
center_z = -0.139629
size_x = 22.5
size_y = 22.5
size_z = 22.5
