center_x = -3.27027
center_y = -3.38435
center_z = 30.9899
size_x = 22.5
size_y = 22.5
size_z = 22.5
