center_x = 2.78109
center_y = 0.964686
center_z = 3.1294
size_x = 22.5
size_y = 22.5
size_z = 22.5
