center_x = 2.77949
center_y = 1.07483
center_z = 3.1288
size_x = 22.5
size_y = 22.5
size_z = 22.5
