center_x = -4.95974
center_y = 3.07832
center_z = 14.5825
size_x = 22.5
size_y = 22.5
size_z = 22.5
