center_x = -4.46878
center_y = 3.80356
center_z = 14.0441
size_x = 22.5
size_y = 22.5
size_z = 22.5
