center_x = 4.93777
center_y = 9.80455
center_z = 26.8643
size_x = 22.5
size_y = 22.5
size_z = 22.5
