center_x = -7.26883
center_y = 4.78108
center_z = 24.6188
size_x = 22.5
size_y = 22.5
size_z = 22.5
