center_x = 4.08339
center_y = -3.33782
center_z = 55.8803
size_x = 22.5
size_y = 22.5
size_z = 22.5
