center_x = 1.61546
center_y = 27.0336
center_z = 8.23142
size_x = 22.5
size_y = 22.5
size_z = 22.5
