center_x = 1.73487
center_y = 28.9662
center_z = 8.94375
size_x = 22.5
size_y = 22.5
size_z = 22.5
