center_x = 1.27404
center_y = 27.6235
center_z = 8.56193
size_x = 22.5
size_y = 22.5
size_z = 22.5
