center_x = 1.90308
center_y = 27.4975
center_z = 8.12769
size_x = 22.5
size_y = 22.5
size_z = 22.5
