center_x = 2.08828
center_y = 27.0297
center_z = 7.41268
size_x = 22.5
size_y = 22.5
size_z = 22.5
