center_x = 33.4245
center_y = 6.59251
center_z = 1.38886
size_x = 22.5
size_y = 22.5
size_z = 22.5
