center_x = -9.00066
center_y = 15.6277
center_z = 0.0126848
size_x = 22.5
size_y = 22.5
size_z = 22.5
