center_x = -5.41853
center_y = 1.47527
center_z = 13.8861
size_x = 22.5
size_y = 22.5
size_z = 22.5
