center_x = 5.95492
center_y = 9.92417
center_z = 3.57817
size_x = 22.5
size_y = 22.5
size_z = 22.5
