center_x = 6.84773
center_y = 9.62967
center_z = 3.3936
size_x = 22.5
size_y = 22.5
size_z = 22.5
