center_x = 8.84933
center_y = 10.0457
center_z = 2.61929
size_x = 22.5
size_y = 22.5
size_z = 22.5
