center_x = 9.20581
center_y = 9.68495
center_z = 4.03076
size_x = 22.5
size_y = 22.5
size_z = 22.5
