center_x = 8.15086
center_y = 6.05029
center_z = 21.6752
size_x = 22.5
size_y = 22.5
size_z = 22.5
