center_x = 8.03841
center_y = 5.95652
center_z = 22.1758
size_x = 22.5
size_y = 22.5
size_z = 22.5
