center_x = -1.67718
center_y = 6.44664
center_z = -30.4844
size_x = 22.5
size_y = 22.5
size_z = 22.5
