center_x = 1.63942
center_y = 63.8445
center_z = 8.64862
size_x = 22.5
size_y = 22.5
size_z = 22.5
