center_x = 4.40329
center_y = 15.1917
center_z = 1.45679
size_x = 22.5
size_y = 22.5
size_z = 22.5
