center_x = 13.9547
center_y = 4.51342
center_z = -3.78567
size_x = 22.5
size_y = 22.5
size_z = 22.5
