center_x = 8.15026
center_y = 5.03229
center_z = 20.9869
size_x = 22.5
size_y = 22.5
size_z = 22.5
