center_x = 7.84397
center_y = 5.12263
center_z = 20.3872
size_x = 22.5
size_y = 22.5
size_z = 22.5
