center_x = 1.87256
center_y = 26.5623
center_z = 8.24903
size_x = 22.5
size_y = 22.5
size_z = 22.5
