center_x = -4.47562
center_y = 9.04325
center_z = 21.9682
size_x = 22.5
size_y = 22.5
size_z = 22.5
