center_x = -4.65669
center_y = 8.93875
center_z = 22.1725
size_x = 22.5
size_y = 22.5
size_z = 22.5
