center_x = 9.94888
center_y = 62.8448
center_z = 3.82555
size_x = 22.5
size_y = 22.5
size_z = 22.5
