center_x = 9.65964
center_y = 62.7698
center_z = 3.96094
size_x = 22.5
size_y = 22.5
size_z = 22.5
