center_x = 1.63213
center_y = 26.5392
center_z = 8.22527
size_x = 22.5
size_y = 22.5
size_z = 22.5
