center_x = 1.95139
center_y = 27.5529
center_z = 8.79806
size_x = 22.5
size_y = 22.5
size_z = 22.5
