center_x = 3.17653
center_y = 33.3629
center_z = 4.13017
size_x = 22.5
size_y = 22.5
size_z = 22.5
