center_x = 3.21191
center_y = 32.8635
center_z = 5.78109
size_x = 22.5
size_y = 22.5
size_z = 22.5
