center_x = 4.29818
center_y = 32.4043
center_z = 3.41809
size_x = 22.5
size_y = 22.5
size_z = 22.5
