center_x = 2.77577
center_y = 33.2969
center_z = 4.03877
size_x = 22.5
size_y = 22.5
size_z = 22.5
