center_x = 42.9687
center_y = 2.34206
center_z = -4.86263
size_x = 22.5
size_y = 22.5
size_z = 22.5
