center_x = 7.96083
center_y = 5.31745
center_z = 21.7719
size_x = 22.5
size_y = 22.5
size_z = 22.5
