center_x = 6.55805
center_y = 6.11923
center_z = 22.2931
size_x = 22.5
size_y = 22.5
size_z = 22.5
