center_x = -6.72756
center_y = -5.81218
center_z = 22.1589
size_x = 22.5
size_y = 22.5
size_z = 22.5
