center_x = 5.29745
center_y = -4.28836
center_z = 15.7029
size_x = 22.5
size_y = 22.5
size_z = 22.5
