center_x = 2.56887
center_y = 48.6737
center_z = 2.00813
size_x = 22.5
size_y = 22.5
size_z = 22.5
