center_x = 12.7451
center_y = -1.86457
center_z = 7.72564
size_x = 22.5
size_y = 22.5
size_z = 22.5
