center_x = 3.4435
center_y = 8.11462
center_z = 4.85059
size_x = 22.5
size_y = 22.5
size_z = 22.5
