center_x = 3.65641
center_y = -8.26712
center_z = -2.81006
size_x = 22.5
size_y = 22.5
size_z = 22.5
