center_x = -2.20806
center_y = 10.2345
center_z = 5.62717
size_x = 22.5
size_y = 22.5
size_z = 22.5
