center_x = 3.30296
center_y = 2.30935
center_z = -19.1086
size_x = 22.5
size_y = 22.5
size_z = 22.5
