center_x = 3.05633
center_y = -3.61181
center_z = 19.2738
size_x = 22.5
size_y = 22.5
size_z = 22.5
