center_x = -0.998227
center_y = 35.2877
center_z = -0.777955
size_x = 22.5
size_y = 22.5
size_z = 22.5
