center_x = -8.34837
center_y = 48.6891
center_z = 6.94775
size_x = 22.5
size_y = 22.5
size_z = 22.5
