center_x = 9.66764
center_y = 63.9162
center_z = 4.06772
size_x = 22.5
size_y = 22.5
size_z = 22.5
