center_x = 9.68892
center_y = 63.779
center_z = 3.60322
size_x = 22.5
size_y = 22.5
size_z = 22.5
