center_x = 9.66605
center_y = 63.9054
center_z = 3.58397
size_x = 22.5
size_y = 22.5
size_z = 22.5
