center_x = -4.28395
center_y = 9.81635
center_z = 22.7192
size_x = 22.5
size_y = 22.5
size_z = 22.5
