center_x = 0.868188
center_y = 3.08659
center_z = 19.4882
size_x = 22.5
size_y = 22.5
size_z = 22.5
