center_x = 6.91715
center_y = 1.01015
center_z = 9.45154
size_x = 22.5
size_y = 22.5
size_z = 22.5
