center_x = 7.13994
center_y = -1.70513
center_z = 9.46838
size_x = 22.5
size_y = 22.5
size_z = 22.5
