center_x = 12.8911
center_y = -3.61795
center_z = 7.91385
size_x = 22.5
size_y = 22.5
size_z = 22.5
