center_x = 2.14744
center_y = 9.73496
center_z = 25.0869
size_x = 22.5
size_y = 22.5
size_z = 22.5
