center_x = 7.57437
center_y = -4.40658
center_z = 10.2963
size_x = 22.5
size_y = 22.5
size_z = 22.5
