center_x = -1.08983
center_y = -0.919
center_z = -7.06983
size_x = 22.5
size_y = 22.5
size_z = 22.5
