center_x = 14.6924
center_y = -3.63497
center_z = 5.77713
size_x = 22.5
size_y = 22.5
size_z = 22.5
