center_x = -8.09521
center_y = -14.0949
center_z = 4.96538
size_x = 22.5
size_y = 22.5
size_z = 22.5
