center_x = 3.55656
center_y = -32.3526
center_z = -3.52471
size_x = 22.5
size_y = 22.5
size_z = 22.5
