center_x = 4.67786
center_y = 31.2995
center_z = 5.30381
size_x = 22.5
size_y = 22.5
size_z = 22.5
