center_x = 20.7175
center_y = 6.09995
center_z = 7.79071
size_x = 22.5
size_y = 22.5
size_z = 22.5
