center_x = 28.7589
center_y = 8.42543
center_z = 0.687034
size_x = 22.5
size_y = 22.5
size_z = 22.5
