center_x = -8.83348
center_y = -18.1233
center_z = -7.70569
size_x = 22.5
size_y = 22.5
size_z = 22.5
