center_x = 8.08506
center_y = 5.49094
center_z = 22.1471
size_x = 22.5
size_y = 22.5
size_z = 22.5
