center_x = 8.35303
center_y = 5.62433
center_z = 22.0263
size_x = 22.5
size_y = 22.5
size_z = 22.5
