center_x = 8.28382
center_y = 5.51585
center_z = 22.4414
size_x = 22.5
size_y = 22.5
size_z = 22.5
