center_x = 4.11456
center_y = -3.32404
center_z = 45.0858
size_x = 22.5
size_y = 22.5
size_z = 22.5
