center_x = 0.611833
center_y = 35.0018
center_z = 3.82958
size_x = 22.5
size_y = 22.5
size_z = 22.5
