center_x = -1.03304
center_y = 1.76083
center_z = 17.9626
size_x = 22.5
size_y = 22.5
size_z = 22.5
