center_x = 9.64074
center_y = 8.02859
center_z = -16.49
size_x = 22.5
size_y = 22.5
size_z = 22.5
