center_x = -3.75452
center_y = 9.24974
center_z = -18.5003
size_x = 22.5
size_y = 22.5
size_z = 22.5
