center_x = -4.10013
center_y = 1.10269
center_z = 19.861
size_x = 22.5
size_y = 22.5
size_z = 22.5
