center_x = 36.9156
center_y = -4.57364
center_z = 9.70218
size_x = 22.5
size_y = 22.5
size_z = 22.5
