center_x = 1.45733
center_y = -7.22796
center_z = -25.9755
size_x = 22.5
size_y = 22.5
size_z = 22.5
