center_x = -29.6464
center_y = 9.81559
center_z = 6.62241
size_x = 22.5
size_y = 22.5
size_z = 22.5
