center_x = -29.8378
center_y = -9.68061
center_z = -6.99842
size_x = 22.5
size_y = 22.5
size_z = 22.5
