center_x = 9.84947
center_y = -22.1814
center_z = -6.51212
size_x = 22.5
size_y = 22.5
size_z = 22.5
