center_x = 14.3011
center_y = -9.22882
center_z = -6.61806
size_x = 22.5
size_y = 22.5
size_z = 22.5
