center_x = -23.601
center_y = 9.07839
center_z = -7.24242
size_x = 22.5
size_y = 22.5
size_z = 22.5
