center_x = 0.530762
center_y = 9.89838
center_z = 0.19681
size_x = 22.5
size_y = 22.5
size_z = 22.5
