center_x = 27.6809
center_y = 2.49683
center_z = 5.80345
size_x = 22.5
size_y = 22.5
size_z = 22.5
