center_x = 27.5266
center_y = 2.83219
center_z = 5.92725
size_x = 22.5
size_y = 22.5
size_z = 22.5
