center_x = 34.9531
center_y = 8.69179
center_z = 2.22538
size_x = 22.5
size_y = 22.5
size_z = 22.5
