center_x = 34.987
center_y = 7.83433
center_z = 1.66938
size_x = 22.5
size_y = 22.5
size_z = 22.5
