center_x = -2.81836
center_y = 5.94811
center_z = 14.288
size_x = 22.5
size_y = 22.5
size_z = 22.5
