center_x = 2.83224
center_y = 5.03112
center_z = -12.0413
size_x = 22.5
size_y = 22.5
size_z = 22.5
