center_x = -4.90769
center_y = 3.54938
center_z = 14.6925
size_x = 22.5
size_y = 22.5
size_z = 22.5
