center_x = 4.83482
center_y = 0.307036
center_z = 21.447
size_x = 22.5
size_y = 22.5
size_z = 22.5
