center_x = -0.312448
center_y = 5.05434
center_z = -15.0932
size_x = 22.5
size_y = 22.5
size_z = 22.5
