center_x = 3.39236
center_y = 1.82441
center_z = 23.4883
size_x = 22.5
size_y = 22.5
size_z = 22.5
