center_x = -1.48511
center_y = 0.364455
center_z = 19.0272
size_x = 22.5
size_y = 22.5
size_z = 22.5
