center_x = 5.20896
center_y = 1.91831
center_z = 11.8025
size_x = 22.5
size_y = 22.5
size_z = 22.5
