center_x = 10.6105
center_y = 3.12186
center_z = 6.04491
size_x = 22.5
size_y = 22.5
size_z = 22.5
