center_x = -4.22859
center_y = -7.27273
center_z = 11.2687
size_x = 22.5
size_y = 22.5
size_z = 22.5
