center_x = 0.193282
center_y = 8.12177
center_z = 54.5796
size_x = 22.5
size_y = 22.5
size_z = 22.5
