center_x = 0.478519
center_y = -2.11115
center_z = -19.7454
size_x = 22.5
size_y = 22.5
size_z = 22.5
