center_x = 6.25956
center_y = 3.28444
center_z = 18.2299
size_x = 22.5
size_y = 22.5
size_z = 22.5
