center_x = -4.12817
center_y = -3.99428
center_z = -7.75694
size_x = 22.5
size_y = 22.5
size_z = 22.5
