center_x = -4.12662
center_y = 3.81663
center_z = 14.8379
size_x = 22.5
size_y = 22.5
size_z = 22.5
