center_x = 78.2076
center_y = 9.10779
center_z = -4.88318
size_x = 22.5
size_y = 22.5
size_z = 22.5
