center_x = -24.161
center_y = 0.129476
center_z = -4.13971
size_x = 22.5
size_y = 22.5
size_z = 22.5
