center_x = 5.89037
center_y = 2.27812
center_z = -14.0873
size_x = 22.5
size_y = 22.5
size_z = 22.5
