center_x = 14.606
center_y = 9.80045
center_z = 1.61697
size_x = 22.5
size_y = 22.5
size_z = 22.5
