center_x = 14.7041
center_y = 9.96881
center_z = 1.35677
size_x = 22.5
size_y = 22.5
size_z = 22.5
