center_x = 4.83895
center_y = 3.60232
center_z = 17.8542
size_x = 22.5
size_y = 22.5
size_z = 22.5
