center_x = -0.382172
center_y = 7.23238
center_z = 54.4875
size_x = 22.5
size_y = 22.5
size_z = 22.5
