center_x = -0.470194
center_y = 7.50645
center_z = 55.0992
size_x = 22.5
size_y = 22.5
size_z = 22.5
