center_x = -4.63616
center_y = 4.52389
center_z = 14.5739
size_x = 22.5
size_y = 22.5
size_z = 22.5
