center_x = -3.44032
center_y = 4.72945
center_z = -5.89723
size_x = 22.5
size_y = 22.5
size_z = 22.5
