center_x = -4.62094
center_y = 3.27044
center_z = 14.9874
size_x = 22.5
size_y = 22.5
size_z = 22.5
