center_x = -5.20214
center_y = 2.85243
center_z = 15.1582
size_x = 22.5
size_y = 22.5
size_z = 22.5
