center_x = -4.64562
center_y = 3.32281
center_z = 15.0173
size_x = 22.5
size_y = 22.5
size_z = 22.5
