center_x = -4.98793
center_y = -0.828643
center_z = -13.509
size_x = 22.5
size_y = 22.5
size_z = 22.5
