center_x = -3.08821
center_y = 5.41696
center_z = 14.348
size_x = 22.5
size_y = 22.5
size_z = 22.5
