center_x = 7.25826
center_y = 5.55932
center_z = 23.1573
size_x = 22.5
size_y = 22.5
size_z = 22.5
