center_x = -2.4717
center_y = -0.398913
center_z = 5.06596
size_x = 22.5
size_y = 22.5
size_z = 22.5
