center_x = 7.77192
center_y = -5.54541
center_z = 5.4617
size_x = 22.5
size_y = 22.5
size_z = 22.5
