center_x = -67.8074
center_y = -1.78644
center_z = 5.55332
size_x = 22.5
size_y = 22.5
size_z = 22.5
