center_x = -17.176
center_y = -5.81996
center_z = 6.05257
size_x = 22.5
size_y = 22.5
size_z = 22.5
