center_x = -47.7046
center_y = -2.80533
center_z = 3.32942
size_x = 22.5
size_y = 22.5
size_z = 22.5
