center_x = -2.66879
center_y = -4.57146
center_z = -5.571
size_x = 22.5
size_y = 22.5
size_z = 22.5
