center_x = -2.27682
center_y = -4.73029
center_z = -5.96153
size_x = 22.5
size_y = 22.5
size_z = 22.5
