center_x = 5.50408
center_y = -1.84267
center_z = 14.5379
size_x = 22.5
size_y = 22.5
size_z = 22.5
