center_x = 5.3076
center_y = -0.20225
center_z = -5.48065
size_x = 22.5
size_y = 22.5
size_z = 22.5
