center_x = 4.67843
center_y = 7.06778
center_z = 27.443
size_x = 22.5
size_y = 22.5
size_z = 22.5
