center_x = -9.85508
center_y = -1.35292
center_z = -9.31631
size_x = 22.5
size_y = 22.5
size_z = 22.5
