center_x = -1.68419
center_y = 37.6669
center_z = 2.92435
size_x = 22.5
size_y = 22.5
size_z = 22.5
