center_x = -2.63505
center_y = -5.33918
center_z = -5.07909
size_x = 22.5
size_y = 22.5
size_z = 22.5
