center_x = -3.13947
center_y = -5.14568
center_z = -5.76942
size_x = 22.5
size_y = 22.5
size_z = 22.5
