center_x = -2.47853
center_y = -4.90613
center_z = -5.64873
size_x = 22.5
size_y = 22.5
size_z = 22.5
