center_x = 0.624667
center_y = 6.57339
center_z = 56.196
size_x = 22.5
size_y = 22.5
size_z = 22.5
