center_x = -5.74635
center_y = 6.96185
center_z = 9.77685
size_x = 22.5
size_y = 22.5
size_z = 22.5
