center_x = 47.7374
center_y = -8.27598
center_z = 9.25658
size_x = 22.5
size_y = 22.5
size_z = 22.5
