center_x = -14.0364
center_y = -1.92748
center_z = -0.05608
size_x = 22.5
size_y = 22.5
size_z = 22.5
