center_x = -5.37333
center_y = 4.40506
center_z = 14.3292
size_x = 22.5
size_y = 22.5
size_z = 22.5
