center_x = 28.1041
center_y = -1.40105
center_z = -0.62205
size_x = 22.5
size_y = 22.5
size_z = 22.5
