center_x = 5.19389
center_y = -1.16183
center_z = 13.1651
size_x = 22.5
size_y = 22.5
size_z = 22.5
