center_x = 25.0269
center_y = -0.919471
center_z = -2.01712
size_x = 22.5
size_y = 22.5
size_z = 22.5
