center_x = -25.9328
center_y = -0.992071
center_z = 1.51886
size_x = 22.5
size_y = 22.5
size_z = 22.5
