center_x = 13.2326
center_y = -0.898429
center_z = 1.49236
size_x = 22.5
size_y = 22.5
size_z = 22.5
