center_x = 25.5261
center_y = 0.693333
center_z = 1.61353
size_x = 22.5
size_y = 22.5
size_z = 22.5
