center_x = 25.5843
center_y = 0.721067
center_z = 1.56013
size_x = 22.5
size_y = 22.5
size_z = 22.5
