center_x = -28.248
center_y = -1.03859
center_z = 0.312882
size_x = 22.5
size_y = 22.5
size_z = 22.5
