center_x = -30.9059
center_y = -1.99686
center_z = 0.361333
size_x = 22.5
size_y = 22.5
size_z = 22.5
