center_x = -27.6009
center_y = 1.40505
center_z = -0.991591
size_x = 22.5
size_y = 22.5
size_z = 22.5
