center_x = 5.47832
center_y = 8.89823
center_z = 27.2802
size_x = 22.5
size_y = 22.5
size_z = 22.5
