center_x = 1.63326
center_y = 7.85437
center_z = 20.3231
size_x = 22.5
size_y = 22.5
size_z = 22.5
