center_x = -4.75188
center_y = -2.58003
center_z = 11.6857
size_x = 22.5
size_y = 22.5
size_z = 22.5
