center_x = -7.78109
center_y = -15.0414
center_z = -9.74535
size_x = 22.5
size_y = 22.5
size_z = 22.5
