center_x = 3.82619
center_y = 6.18702
center_z = 1.45023
size_x = 22.5
size_y = 22.5
size_z = 22.5
