center_x = 3.87695
center_y = 5.9377
center_z = 1.45149
size_x = 22.5
size_y = 22.5
size_z = 22.5
