center_x = -9.58334
center_y = 8.33068
center_z = -11.5428
size_x = 22.5
size_y = 22.5
size_z = 22.5
