center_x = -1.49618
center_y = -3.26774
center_z = -17.3887
size_x = 22.5
size_y = 22.5
size_z = 22.5
