center_x = 14.6794
center_y = -3.51745
center_z = 0.524158
size_x = 22.5
size_y = 22.5
size_z = 22.5
