center_x = -0.204526
center_y = -0.630605
center_z = -14.4096
size_x = 22.5
size_y = 22.5
size_z = 22.5
