center_x = 16.495
center_y = -4.23206
center_z = 6.65376
size_x = 22.5
size_y = 22.5
size_z = 22.5
