center_x = -16.3581
center_y = -5.41595
center_z = 5.62105
size_x = 22.5
size_y = 22.5
size_z = 22.5
