center_x = -17.4333
center_y = -6.05264
center_z = 5.20682
size_x = 22.5
size_y = 22.5
size_z = 22.5
