center_x = -9.46767
center_y = 8.84805
center_z = 9.40838
size_x = 22.5
size_y = 22.5
size_z = 22.5
