center_x = -4.21296
center_y = -2.43474
center_z = -39.6759
size_x = 22.5
size_y = 22.5
size_z = 22.5
