center_x = 5.15757
center_y = -1.19457
center_z = 13.1155
size_x = 22.5
size_y = 22.5
size_z = 22.5
