center_x = 5.03367
center_y = -0.911333
center_z = 13.2711
size_x = 22.5
size_y = 22.5
size_z = 22.5
