center_x = 8.35309
center_y = 2.91906
center_z = 19.7104
size_x = 22.5
size_y = 22.5
size_z = 22.5
