center_x = 7.88288
center_y = -0.0529091
center_z = 20.7436
size_x = 22.5
size_y = 22.5
size_z = 22.5
