center_x = 8.67454
center_y = 8.05707
center_z = -2.83661
size_x = 22.5
size_y = 22.5
size_z = 22.5
