center_x = -3.10768
center_y = 6.68855
center_z = 29.0884
size_x = 22.5
size_y = 22.5
size_z = 22.5
