center_x = -4.22105
center_y = -4.07654
center_z = 17.036
size_x = 22.5
size_y = 22.5
size_z = 22.5
