center_x = 3.73429
center_y = 48.7436
center_z = -4.66635
size_x = 22.5
size_y = 22.5
size_z = 22.5
