center_x = -7.27239
center_y = 49.092
center_z = -4.58703
size_x = 22.5
size_y = 22.5
size_z = 22.5
