center_x = -1.46713
center_y = -3.35803
center_z = -17.2995
size_x = 22.5
size_y = 22.5
size_z = 22.5
