center_x = 14.952
center_y = -3.47608
center_z = 0.743658
size_x = 22.5
size_y = 22.5
size_z = 22.5
