center_x = -0.673086
center_y = -2.82389
center_z = -16.4933
size_x = 22.5
size_y = 22.5
size_z = 22.5
