center_x = -0.747467
center_y = -3.85307
center_z = -15.0186
size_x = 22.5
size_y = 22.5
size_z = 22.5
