center_x = 4.03095
center_y = 4.92481
center_z = 13.1023
size_x = 22.5
size_y = 22.5
size_z = 22.5
