center_x = 15.0257
center_y = 3.72653
center_z = -6.11141
size_x = 22.5
size_y = 22.5
size_z = 22.5
