center_x = 5.78354
center_y = -1.14713
center_z = 14.2918
size_x = 22.5
size_y = 22.5
size_z = 22.5
