center_x = -4.12862
center_y = -8.74491
center_z = -14.5354
size_x = 22.5
size_y = 22.5
size_z = 22.5
