center_x = 5.31541
center_y = -1.71281
center_z = 13.2395
size_x = 22.5
size_y = 22.5
size_z = 22.5
