center_x = -4.18662
center_y = 3.74377
center_z = 15.0218
size_x = 22.5
size_y = 22.5
size_z = 22.5
