center_x = -3.52028
center_y = 6.05989
center_z = 14.6069
size_x = 22.5
size_y = 22.5
size_z = 22.5
