center_x = -3.73647
center_y = 4.67147
center_z = 15.0928
size_x = 22.5
size_y = 22.5
size_z = 22.5
