center_x = 6.67555
center_y = 3.82925
center_z = 26.5749
size_x = 22.5
size_y = 22.5
size_z = 22.5
