center_x = -5.48544
center_y = 8.01861
center_z = 10.9472
size_x = 22.5
size_y = 22.5
size_z = 22.5
