center_x = -9.24321
center_y = 17.8662
center_z = 7.93955
size_x = 22.5
size_y = 22.5
size_z = 22.5
