center_x = 7.35316
center_y = 6.51337
center_z = 22.8226
size_x = 22.5
size_y = 22.5
size_z = 22.5
