center_x = 14.261
center_y = 9.69463
center_z = -1.05758
size_x = 22.5
size_y = 22.5
size_z = 22.5
