center_x = 14.5394
center_y = 9.46092
center_z = 0.99408
size_x = 22.5
size_y = 22.5
size_z = 22.5
