center_x = 8.69236
center_y = 44.5776
center_z = 5.03686
size_x = 22.5
size_y = 22.5
size_z = 22.5
