center_x = -9.19263
center_y = 46.0124
center_z = -3.85869
size_x = 22.5
size_y = 22.5
size_z = 22.5
