center_x = 20.6726
center_y = 4.63845
center_z = 9.84416
size_x = 22.5
size_y = 22.5
size_z = 22.5
