center_x = -40.2201
center_y = -3.04955
center_z = 0.655773
size_x = 22.5
size_y = 22.5
size_z = 22.5
