center_x = 0.891818
center_y = 2.81782
center_z = -15.4601
size_x = 22.5
size_y = 22.5
size_z = 22.5
