center_x = -17.5209
center_y = -5.08861
center_z = -0.33803
size_x = 22.5
size_y = 22.5
size_z = 22.5
