center_x = -0.909297
center_y = 5.49554
center_z = 33.9057
size_x = 22.5
size_y = 22.5
size_z = 22.5
