center_x = -4.53272
center_y = -30.8578
center_z = 5.76192
size_x = 22.5
size_y = 22.5
size_z = 22.5
