center_x = -43.5067
center_y = 0.881474
center_z = -2.70005
size_x = 22.5
size_y = 22.5
size_z = 22.5
