center_x = 3.35187
center_y = 8.47237
center_z = 27.2962
size_x = 22.5
size_y = 22.5
size_z = 22.5
