center_x = 5.28832
center_y = -1.84173
center_z = 13.4558
size_x = 22.5
size_y = 22.5
size_z = 22.5
