center_x = 43.6164
center_y = 2.20064
center_z = -1.88664
size_x = 22.5
size_y = 22.5
size_z = 22.5
