center_x = -3.19063
center_y = -8.58756
center_z = 24.5887
size_x = 22.5
size_y = 22.5
size_z = 22.5
