center_x = 0.08785
center_y = -0.09965
center_z = -6.03245
size_x = 22.5
size_y = 22.5
size_z = 22.5
