center_x = 6.71242
center_y = 31.0488
center_z = 9.53638
size_x = 22.5
size_y = 22.5
size_z = 22.5
