center_x = -4.57779
center_y = 3.38007
center_z = 15.233
size_x = 22.5
size_y = 22.5
size_z = 22.5
