center_x = -8.71941
center_y = 8.84176
center_z = 37.2544
size_x = 22.5
size_y = 22.5
size_z = 22.5
