center_x = 3.95586
center_y = 9.61873
center_z = 26.6465
size_x = 22.5
size_y = 22.5
size_z = 22.5
