center_x = 6.85567
center_y = 9.73252
center_z = 25.0175
size_x = 22.5
size_y = 22.5
size_z = 22.5
