center_x = -6.01155
center_y = -7.11791
center_z = 18.0714
size_x = 22.5
size_y = 22.5
size_z = 22.5
