center_x = -13.0612
center_y = -7.24003
center_z = 4.26784
size_x = 22.5
size_y = 22.5
size_z = 22.5
