center_x = 26.5669
center_y = -3.70881
center_z = 5.98858
size_x = 22.5
size_y = 22.5
size_z = 22.5
