center_x = 8.15917
center_y = 8.41122
center_z = 26.0655
size_x = 22.5
size_y = 22.5
size_z = 22.5
