center_x = 5.38573
center_y = 26.406
center_z = 6.91359
size_x = 22.5
size_y = 22.5
size_z = 22.5
