center_x = 6.96047
center_y = 27.2687
center_z = 6.40006
size_x = 22.5
size_y = 22.5
size_z = 22.5
