center_x = 2.79147
center_y = -5.21818
center_z = 6.151
size_x = 22.5
size_y = 22.5
size_z = 22.5
