center_x = 0.205935
center_y = 4.04089
center_z = 28.9683
size_x = 22.5
size_y = 22.5
size_z = 22.5
