center_x = 15.5419
center_y = 7.90265
center_z = -0.51714
size_x = 22.5
size_y = 22.5
size_z = 22.5
