center_x = -9.17549
center_y = 15.9077
center_z = -0.0359211
size_x = 22.5
size_y = 22.5
size_z = 22.5
