center_x = -3.19971
center_y = 6.19792
center_z = 14.3783
size_x = 22.5
size_y = 22.5
size_z = 22.5
