center_x = 17.3138
center_y = -3.01828
center_z = 1.84092
size_x = 22.5
size_y = 22.5
size_z = 22.5
