center_x = -4.72724
center_y = 4.85971
center_z = 14.0135
size_x = 22.5
size_y = 22.5
size_z = 22.5
