center_x = -4.76443
center_y = 5.79122
center_z = 14.0018
size_x = 22.5
size_y = 22.5
size_z = 22.5
