center_x = -3.26954
center_y = 4.89254
center_z = 13.9176
size_x = 22.5
size_y = 22.5
size_z = 22.5
