center_x = -3.36484
center_y = 3.87136
center_z = 13.8509
size_x = 22.5
size_y = 22.5
size_z = 22.5
