center_x = -5.19886
center_y = 5.19795
center_z = 13.1874
size_x = 22.5
size_y = 22.5
size_z = 22.5
