center_x = 4.77875
center_y = 0.637659
center_z = 12.4228
size_x = 22.5
size_y = 22.5
size_z = 22.5
