center_x = -5.11548
center_y = 7.35476
center_z = 13.025
size_x = 22.5
size_y = 22.5
size_z = 22.5
