center_x = -3.09191
center_y = 4.04368
center_z = 14.2335
size_x = 22.5
size_y = 22.5
size_z = 22.5
