center_x = 8.06628
center_y = -11.3559
center_z = -1.47717
size_x = 22.5
size_y = 22.5
size_z = 22.5
