center_x = 15.3025
center_y = 8.00938
center_z = -2.84144
size_x = 22.5
size_y = 22.5
size_z = 22.5
