center_x = 4.95044
center_y = 3.33719
center_z = 17.0459
size_x = 22.5
size_y = 22.5
size_z = 22.5
