center_x = -2.47184
center_y = 5.02009
center_z = 39.285
size_x = 22.5
size_y = 22.5
size_z = 22.5
