center_x = -5.56076
center_y = 5.74268
center_z = 12.8897
size_x = 22.5
size_y = 22.5
size_z = 22.5
