center_x = 2.96384
center_y = -3.54294
center_z = 3.18897
size_x = 22.5
size_y = 22.5
size_z = 22.5
