center_x = 2.98971
center_y = -4.69875
center_z = 5.47279
size_x = 22.5
size_y = 22.5
size_z = 22.5
