center_x = 0.621583
center_y = 0.129667
center_z = -3.20983
size_x = 22.5
size_y = 22.5
size_z = 22.5
