center_x = 0.0285357
center_y = -0.294
center_z = 4.62086
size_x = 22.5
size_y = 22.5
size_z = 22.5
