center_x = -14.7509
center_y = 4.55594
center_z = 9.57028
size_x = 22.5
size_y = 22.5
size_z = 22.5
