center_x = -18.7013
center_y = 2.22465
center_z = -4.62919
size_x = 22.5
size_y = 22.5
size_z = 22.5
