center_x = 11.0375
center_y = -3.76472
center_z = 5.74303
size_x = 22.5
size_y = 22.5
size_z = 22.5
