center_x = 7.81094
center_y = 0.712187
center_z = 22.154
size_x = 22.5
size_y = 22.5
size_z = 22.5
