center_x = 31.6559
center_y = 3.88395
center_z = -1.49748
size_x = 22.5
size_y = 22.5
size_z = 22.5
