center_x = -0.189952
center_y = -2.49462
center_z = -14.0748
size_x = 22.5
size_y = 22.5
size_z = 22.5
