center_x = 3.98511
center_y = 6.6273
center_z = 1.76277
size_x = 22.5
size_y = 22.5
size_z = 22.5
