center_x = -3.55145
center_y = -15.3912
center_z = 0.0959545
size_x = 22.5
size_y = 22.5
size_z = 22.5
