center_x = 29.776
center_y = -7.14741
center_z = 1.29764
size_x = 22.5
size_y = 22.5
size_z = 22.5
