center_x = 26.1817
center_y = 7.14744
center_z = 2.99792
size_x = 22.5
size_y = 22.5
size_z = 22.5
