center_x = 1.86852
center_y = -2.63767
center_z = -19.9177
size_x = 22.5
size_y = 22.5
size_z = 22.5
