center_x = -1.89844
center_y = 5.91291
center_z = 13.4211
size_x = 22.5
size_y = 22.5
size_z = 22.5
