center_x = -3.65515
center_y = 2.95342
center_z = 11.923
size_x = 22.5
size_y = 22.5
size_z = 22.5
