center_x = -2.68331
center_y = 5.27681
center_z = 14.1964
size_x = 22.5
size_y = 22.5
size_z = 22.5
