center_x = -3.65671
center_y = 6.47565
center_z = 11.8208
size_x = 22.5
size_y = 22.5
size_z = 22.5
