center_x = 9.56042
center_y = 40.2154
center_z = -4.05632
size_x = 22.5
size_y = 22.5
size_z = 22.5
