center_x = -1.61567
center_y = -10.7662
center_z = -4.20167
size_x = 22.5
size_y = 22.5
size_z = 22.5
