center_x = 0.743889
center_y = 8.80893
center_z = 24.5084
size_x = 22.5
size_y = 22.5
size_z = 22.5
