center_x = 5.34578
center_y = -1.86104
center_z = 14.1562
size_x = 22.5
size_y = 22.5
size_z = 22.5
