center_x = -3.60989
center_y = 4.85679
center_z = 14.6983
size_x = 22.5
size_y = 22.5
size_z = 22.5
