center_x = -2.95573
center_y = -3.35973
center_z = 18.9528
size_x = 22.5
size_y = 22.5
size_z = 22.5
