center_x = -19.0588
center_y = 3.10465
center_z = 2.93777
size_x = 22.5
size_y = 22.5
size_z = 22.5
