center_x = 0.78992
center_y = 10.1784
center_z = -5.29144
size_x = 22.5
size_y = 22.5
size_z = 22.5
