center_x = -6.64918
center_y = -43.8585
center_z = 4.16791
size_x = 22.5
size_y = 22.5
size_z = 22.5
