center_x = -5.50568
center_y = 3.31416
center_z = 13.6369
size_x = 22.5
size_y = 22.5
size_z = 22.5
