center_x = 82.2473
center_y = 7.38944
center_z = -7.54856
size_x = 22.5
size_y = 22.5
size_z = 22.5
