center_x = 83.4351
center_y = 7.30885
center_z = -7.60277
size_x = 22.5
size_y = 22.5
size_z = 22.5
