center_x = 1.02958
center_y = 0.142692
center_z = 30.9314
size_x = 22.5
size_y = 22.5
size_z = 22.5
