center_x = -1.60083
center_y = 46.2217
center_z = 0.0210571
size_x = 22.5
size_y = 22.5
size_z = 22.5
