center_x = 7.68444
center_y = 6.84491
center_z = 23.2353
size_x = 22.5
size_y = 22.5
size_z = 22.5
