center_x = -0.353094
center_y = -18.2075
center_z = 6.58475
size_x = 22.5
size_y = 22.5
size_z = 22.5
