center_x = 24.7249
center_y = -4.35697
center_z = -7.13046
size_x = 22.5
size_y = 22.5
size_z = 22.5
