center_x = -5.88497
center_y = -1.94972
center_z = 19.6078
size_x = 22.5
size_y = 22.5
size_z = 22.5
