center_x = -5.45448
center_y = -1.91784
center_z = 19.317
size_x = 22.5
size_y = 22.5
size_z = 22.5
