center_x = -2.62374
center_y = 33.46
center_z = -3.63391
size_x = 22.5
size_y = 22.5
size_z = 22.5
