center_x = -8.23674
center_y = 0.0976923
center_z = 17.3863
size_x = 22.5
size_y = 22.5
size_z = 22.5
