center_x = -11.3786
center_y = -4.65991
center_z = -1.89572
size_x = 22.5
size_y = 22.5
size_z = 22.5
