center_x = 6.55638
center_y = -8.51081
center_z = 30.4151
size_x = 22.5
size_y = 22.5
size_z = 22.5
