center_x = 14.1238
center_y = 9.32434
center_z = -0.0489773
size_x = 22.5
size_y = 22.5
size_z = 22.5
