center_x = 4.60968
center_y = 31.5254
center_z = 4.39448
size_x = 22.5
size_y = 22.5
size_z = 22.5
