center_x = -4.35678
center_y = -5.68862
center_z = -15.0846
size_x = 22.5
size_y = 22.5
size_z = 22.5
