center_x = -4.29407
center_y = -29.9158
center_z = 6.30707
size_x = 22.5
size_y = 22.5
size_z = 22.5
