center_x = 3.10783
center_y = 9.63689
center_z = 24.7736
size_x = 22.5
size_y = 22.5
size_z = 22.5
