center_x = 2.90665
center_y = 65.9048
center_z = 7.91965
size_x = 22.5
size_y = 22.5
size_z = 22.5
