center_x = 12.3205
center_y = 3.85074
center_z = -0.740929
size_x = 22.5
size_y = 22.5
size_z = 22.5
