center_x = 2.43037
center_y = 8.13261
center_z = 37.798
size_x = 22.5
size_y = 22.5
size_z = 22.5
