center_x = -3.74687
center_y = 3.71765
center_z = 14.0599
size_x = 22.5
size_y = 22.5
size_z = 22.5
