center_x = -3.33905
center_y = 5.40659
center_z = 14.1682
size_x = 22.5
size_y = 22.5
size_z = 22.5
