center_x = 2.49248
center_y = -5.22029
center_z = 11.5744
size_x = 22.5
size_y = 22.5
size_z = 22.5
