center_x = 12.5564
center_y = -8.39126
center_z = -8.39505
size_x = 22.5
size_y = 22.5
size_z = 22.5
