center_x = -9.92407
center_y = 16.221
center_z = 1.94486
size_x = 22.5
size_y = 22.5
size_z = 22.5
