center_x = 0.03656
center_y = -1.25308
center_z = -27.7475
size_x = 22.5
size_y = 22.5
size_z = 22.5
