center_x = 38.9527
center_y = -0.419604
center_z = 6.20742
size_x = 22.5
size_y = 22.5
size_z = 22.5
