center_x = 2.45856
center_y = -7.45948
center_z = 32.0031
size_x = 22.5
size_y = 22.5
size_z = 22.5
