center_x = -1.97547
center_y = -2.57971
center_z = -21.6308
size_x = 22.5
size_y = 22.5
size_z = 22.5
