center_x = -3.70236
center_y = -7.17136
center_z = 6.99118
size_x = 22.5
size_y = 22.5
size_z = 22.5
