center_x = 21.2403
center_y = -1.44324
center_z = 9.04115
size_x = 22.5
size_y = 22.5
size_z = 22.5
