center_x = 5.38823
center_y = 26.5405
center_z = 6.98482
size_x = 22.5
size_y = 22.5
size_z = 22.5
