center_x = 4.52728
center_y = 8.7171
center_z = 6.78414
size_x = 22.5
size_y = 22.5
size_z = 22.5
