center_x = 3.99437
center_y = 1.11614
center_z = 2.70229
size_x = 22.5
size_y = 22.5
size_z = 22.5
