center_x = 11.635
center_y = -2.80241
center_z = 9.60783
size_x = 22.5
size_y = 22.5
size_z = 22.5
