center_x = 2.14433
center_y = 0.440917
center_z = 22.8552
size_x = 22.5
size_y = 22.5
size_z = 22.5
