center_x = 4.86452
center_y = -5.87594
center_z = 8.08232
size_x = 22.5
size_y = 22.5
size_z = 22.5
