center_x = 4.54924
center_y = 31.0855
center_z = 5.06417
size_x = 22.5
size_y = 22.5
size_z = 22.5
