center_x = -4.16217
center_y = -31.5262
center_z = 5.31052
size_x = 22.5
size_y = 22.5
size_z = 22.5
