center_x = 4.98236
center_y = 31.1048
center_z = 5.39557
size_x = 22.5
size_y = 22.5
size_z = 22.5
