center_x = -4.05319
center_y = -30.845
center_z = 5.00054
size_x = 22.5
size_y = 22.5
size_z = 22.5
