center_x = -2.45336
center_y = 0.539154
center_z = -20.9739
size_x = 22.5
size_y = 22.5
size_z = 22.5
