center_x = -6.31744
center_y = -6.73988
center_z = -10.4192
size_x = 22.5
size_y = 22.5
size_z = 22.5
