center_x = 4.34136
center_y = 2.54404
center_z = 18.3204
size_x = 22.5
size_y = 22.5
size_z = 22.5
