center_x = 5.79204
center_y = 17.624
center_z = -8.93691
size_x = 22.5
size_y = 22.5
size_z = 22.5
