center_x = -0.532667
center_y = 4.36722
center_z = 11.3143
size_x = 22.5
size_y = 22.5
size_z = 22.5
