center_x = -3.84465
center_y = 5.89365
center_z = 13.4792
size_x = 22.5
size_y = 22.5
size_z = 22.5
