center_x = 42.0261
center_y = -2.44489
center_z = 0.596444
size_x = 22.5
size_y = 22.5
size_z = 22.5
