center_x = -3.76671
center_y = 0.550353
center_z = 30.5327
size_x = 22.5
size_y = 22.5
size_z = 22.5
