center_x = -1.14162
center_y = -0.242538
center_z = -14.7942
size_x = 22.5
size_y = 22.5
size_z = 22.5
