center_x = -3.09304
center_y = 16.0209
center_z = -5.47923
size_x = 22.5
size_y = 22.5
size_z = 22.5
