center_x = 0.832781
center_y = -1.93316
center_z = 97.4614
size_x = 22.5
size_y = 22.5
size_z = 22.5
