center_x = 2.34589
center_y = -9.27467
center_z = -0.888167
size_x = 22.5
size_y = 22.5
size_z = 22.5
