center_x = 2.347
center_y = -9.26878
center_z = -0.893333
size_x = 22.5
size_y = 22.5
size_z = 22.5
