center_x = 5.08833
center_y = -9.61278
center_z = -0.562333
size_x = 22.5
size_y = 22.5
size_z = 22.5
