center_x = 5.03333
center_y = -9.47778
center_z = -0.404556
size_x = 22.5
size_y = 22.5
size_z = 22.5
