center_x = 4.63037
center_y = -9.7985
center_z = -0.63125
size_x = 22.5
size_y = 22.5
size_z = 22.5
