center_x = -9.28124
center_y = 10.2526
center_z = -2.53893
size_x = 22.5
size_y = 22.5
size_z = 22.5
