center_x = 0.189074
center_y = 5.88819
center_z = 27.484
size_x = 22.5
size_y = 22.5
size_z = 22.5
