center_x = 8.64326
center_y = -3.45803
center_z = -28.1018
size_x = 22.5
size_y = 22.5
size_z = 22.5
