center_x = 7.16559
center_y = 3.91306
center_z = 58.5924
size_x = 22.5
size_y = 22.5
size_z = 22.5
