center_x = 8.23747
center_y = -2.13577
center_z = -21.0118
size_x = 22.5
size_y = 22.5
size_z = 22.5
