center_x = -9.60903
center_y = -8.02368
center_z = 9.95758
size_x = 22.5
size_y = 22.5
size_z = 22.5
