center_x = -6.76419
center_y = 2.92519
center_z = -15.7443
size_x = 22.5
size_y = 22.5
size_z = 22.5
