center_x = -9.48838
center_y = 34.3291
center_z = 2.20123
size_x = 22.5
size_y = 22.5
size_z = 22.5
