center_x = -6.32197
center_y = 33.4284
center_z = 2.57584
size_x = 22.5
size_y = 22.5
size_z = 22.5
