center_x = 1.88613
center_y = -9.98103
center_z = 11.2509
size_x = 22.5
size_y = 22.5
size_z = 22.5
