center_x = -7.18843
center_y = 56.0329
center_z = -6.30373
size_x = 22.5
size_y = 22.5
size_z = 22.5
