center_x = 8.30973
center_y = -49.1688
center_z = 9.13154
size_x = 22.5
size_y = 22.5
size_z = 22.5
