center_x = -1.84813
center_y = 2.25775
center_z = 18.9689
size_x = 22.5
size_y = 22.5
size_z = 22.5
