center_x = -2.64964
center_y = 2.36161
center_z = 19.9022
size_x = 22.5
size_y = 22.5
size_z = 22.5
