center_x = -2.54339
center_y = 1.99133
center_z = 19.8497
size_x = 22.5
size_y = 22.5
size_z = 22.5
