center_x = -0.763944
center_y = -0.447722
center_z = -6.46439
size_x = 22.5
size_y = 22.5
size_z = 22.5
