center_x = 0.00416667
center_y = 1.07733
center_z = 6.21644
size_x = 22.5
size_y = 22.5
size_z = 22.5
