center_x = 5.36033
center_y = 1.15688
center_z = -19.9313
size_x = 22.5
size_y = 22.5
size_z = 22.5
