center_x = 5.59436
center_y = 2.51455
center_z = -21.1249
size_x = 22.5
size_y = 22.5
size_z = 22.5
