center_x = 1.81038
center_y = -9.31668
center_z = 11.188
size_x = 22.5
size_y = 22.5
size_z = 22.5
