center_x = 4.78608
center_y = 34.478
center_z = 4.99642
size_x = 22.5
size_y = 22.5
size_z = 22.5
