center_x = -4.03603
center_y = 6.30644
center_z = -5.89056
size_x = 22.5
size_y = 22.5
size_z = 22.5
