center_x = 8.98403
center_y = 9.95915
center_z = 2.72579
size_x = 22.5
size_y = 22.5
size_z = 22.5
