center_x = 5.36975
center_y = 1.93266
center_z = -20.8909
size_x = 22.5
size_y = 22.5
size_z = 22.5
