center_x = 5.48672
center_y = 1.81431
center_z = -21.1892
size_x = 22.5
size_y = 22.5
size_z = 22.5
