center_x = 27.7384
center_y = -1.29423
center_z = 3.50194
size_x = 22.5
size_y = 22.5
size_z = 22.5
