center_x = 5.76773
center_y = 1.63337
center_z = -20.5146
size_x = 22.5
size_y = 22.5
size_z = 22.5
