center_x = 5.36504
center_y = 1.50915
center_z = -21.1053
size_x = 22.5
size_y = 22.5
size_z = 22.5
