center_x = 5.61793
center_y = 0.905179
center_z = -20.2909
size_x = 22.5
size_y = 22.5
size_z = 22.5
