center_x = -5.99325
center_y = 34.0001
center_z = 2.88278
size_x = 22.5
size_y = 22.5
size_z = 22.5
