center_x = -5.31021
center_y = 4.22336
center_z = 14.8609
size_x = 22.5
size_y = 22.5
size_z = 22.5
