center_x = -2.71621
center_y = 5.55871
center_z = 14.6065
size_x = 22.5
size_y = 22.5
size_z = 22.5
