center_x = -0.803222
center_y = 5.42778
center_z = -27.5601
size_x = 22.5
size_y = 22.5
size_z = 22.5
