center_x = -3.19895
center_y = 6.92319
center_z = -23.4248
size_x = 22.5
size_y = 22.5
size_z = 22.5
