center_x = -3.31177
center_y = 7.25068
center_z = -23.2155
size_x = 22.5
size_y = 22.5
size_z = 22.5
