center_x = -40.3273
center_y = -9.03921
center_z = 9.66731
size_x = 22.5
size_y = 22.5
size_z = 22.5
