center_x = -7.79011
center_y = 34.0493
center_z = -0.598579
size_x = 22.5
size_y = 22.5
size_z = 22.5
