center_x = 2.55187
center_y = 1.54213
center_z = 46.0757
size_x = 22.5
size_y = 22.5
size_z = 22.5
