center_x = -4.24814
center_y = 5.37445
center_z = -33.5079
size_x = 22.5
size_y = 22.5
size_z = 22.5
