center_x = 8.47647
center_y = -13.5258
center_z = 3.50282
size_x = 22.5
size_y = 22.5
size_z = 22.5
