center_x = 14.9052
center_y = 2.97268
center_z = 9.61571
size_x = 22.5
size_y = 22.5
size_z = 22.5
