center_x = 14.8521
center_y = 3.09219
center_z = 9.41355
size_x = 22.5
size_y = 22.5
size_z = 22.5
