center_x = 13.887
center_y = 3.00942
center_z = 9.26397
size_x = 22.5
size_y = 22.5
size_z = 22.5
