center_x = 13.4968
center_y = 2.35824
center_z = 9.20253
size_x = 22.5
size_y = 22.5
size_z = 22.5
