center_x = -6.46668
center_y = -22.0705
center_z = 7.15674
size_x = 22.5
size_y = 22.5
size_z = 22.5
