center_x = 6.89965
center_y = 5.30692
center_z = 137.779
size_x = 22.5
size_y = 22.5
size_z = 22.5
