center_x = -1.66311
center_y = 6.02405
center_z = 13.404
size_x = 22.5
size_y = 22.5
size_z = 22.5
