center_x = -1.84834
center_y = 13.4794
center_z = -6.98683
size_x = 22.5
size_y = 22.5
size_z = 22.5
