center_x = 8.19057
center_y = -3.07043
center_z = 4.31889
size_x = 22.5
size_y = 22.5
size_z = 22.5
