center_x = 9.78706
center_y = -4.05406
center_z = 53.26
size_x = 22.5
size_y = 22.5
size_z = 22.5
