center_x = -2.19976
center_y = -5.67152
center_z = -11.2475
size_x = 22.5
size_y = 22.5
size_z = 22.5
