center_x = -0.2343
center_y = 0.18195
center_z = -6.08085
size_x = 22.5
size_y = 22.5
size_z = 22.5
