center_x = -4.25008
center_y = -31.4192
center_z = 4.59612
size_x = 22.5
size_y = 22.5
size_z = 22.5
