center_x = 21.4907
center_y = 0.10519
center_z = -4.72938
size_x = 22.5
size_y = 22.5
size_z = 22.5
