center_x = 1.77221
center_y = 1.45082
center_z = 13.377
size_x = 22.5
size_y = 22.5
size_z = 22.5
