center_x = -5.97218
center_y = -0.94355
center_z = -13.7634
size_x = 22.5
size_y = 22.5
size_z = 22.5
