center_x = 5.87465
center_y = 0.721435
center_z = -17.3895
size_x = 22.5
size_y = 22.5
size_z = 22.5
