center_x = -5.20378
center_y = 1.58083
center_z = 18.1491
size_x = 22.5
size_y = 22.5
size_z = 22.5
