center_x = 9.67865
center_y = -1.37288
center_z = -10.2517
size_x = 22.5
size_y = 22.5
size_z = 22.5
