center_x = 1.14335
center_y = 2.88385
center_z = 11.0588
size_x = 22.5
size_y = 22.5
size_z = 22.5
