center_x = 6.47267
center_y = 55.3658
center_z = 1.42663
size_x = 22.5
size_y = 22.5
size_z = 22.5
