center_x = 3.75825
center_y = 5.54356
center_z = 1.2745
size_x = 22.5
size_y = 22.5
size_z = 22.5
