center_x = -6.32615
center_y = -1.32185
center_z = 10.3966
size_x = 22.5
size_y = 22.5
size_z = 22.5
