center_x = 9.86744
center_y = -5.36278
center_z = 12.9146
size_x = 22.5
size_y = 22.5
size_z = 22.5
