center_x = 3.60064
center_y = -0.00871429
center_z = 19.6328
size_x = 22.5
size_y = 22.5
size_z = 22.5
