center_x = -0.873125
center_y = -1.25481
center_z = -16.0903
size_x = 22.5
size_y = 22.5
size_z = 22.5
