center_x = -7.16341
center_y = 20.1318
center_z = 6.79107
size_x = 22.5
size_y = 22.5
size_z = 22.5
