center_x = 5.82259
center_y = 4.92169
center_z = -19.051
size_x = 22.5
size_y = 22.5
size_z = 22.5
