center_x = 5.83831
center_y = 4.97459
center_z = -19.1052
size_x = 22.5
size_y = 22.5
size_z = 22.5
