center_x = -4.82835
center_y = 1.12565
center_z = 2.84545
size_x = 22.5
size_y = 22.5
size_z = 22.5
