center_x = 2.55988
center_y = 10.6455
center_z = 2.30394
size_x = 22.5
size_y = 22.5
size_z = 22.5
