center_x = 1.97424
center_y = 1.15841
center_z = 13.7325
size_x = 22.5
size_y = 22.5
size_z = 22.5
