center_x = 7.30792
center_y = 56.8916
center_z = 0.79388
size_x = 22.5
size_y = 22.5
size_z = 22.5
