center_x = 1.71787
center_y = 3.33126
center_z = 11.9765
size_x = 22.5
size_y = 22.5
size_z = 22.5
