center_x = 4.67045
center_y = -9.74677
center_z = -5.907
size_x = 22.5
size_y = 22.5
size_z = 22.5
