center_x = 21.8956
center_y = 9.87251
center_z = 6.88303
size_x = 22.5
size_y = 22.5
size_z = 22.5
