center_x = 21.8316
center_y = 9.17168
center_z = 7.24063
size_x = 22.5
size_y = 22.5
size_z = 22.5
