center_x = -0.586459
center_y = 2.02751
center_z = 13.5334
size_x = 22.5
size_y = 22.5
size_z = 22.5
