center_x = -4.98722
center_y = 3.76778
center_z = 14.7827
size_x = 22.5
size_y = 22.5
size_z = 22.5
