center_x = -8.98787
center_y = 8.00154
center_z = 51.4859
size_x = 22.5
size_y = 22.5
size_z = 22.5
