center_x = 14.4043
center_y = 9.71255
center_z = 9.35536
size_x = 22.5
size_y = 22.5
size_z = 22.5
