center_x = 16.2731
center_y = -3.72383
center_z = -3.55752
size_x = 22.5
size_y = 22.5
size_z = 22.5
