center_x = 4.86129
center_y = 6.02574
center_z = -52.8464
size_x = 22.5
size_y = 22.5
size_z = 22.5
