center_x = -7.96365
center_y = -8.69948
center_z = -16.8663
size_x = 22.5
size_y = 22.5
size_z = 22.5
