center_x = -8.06312
center_y = -9.44312
center_z = -17.5159
size_x = 22.5
size_y = 22.5
size_z = 22.5
