center_x = -7.66432
center_y = -8.87575
center_z = -17.599
size_x = 22.5
size_y = 22.5
size_z = 22.5
