center_x = -8.91428
center_y = 7.29224
center_z = 51.3802
size_x = 22.5
size_y = 22.5
size_z = 22.5
