center_x = 9.10196
center_y = -24.2845
center_z = 4.95561
size_x = 22.5
size_y = 22.5
size_z = 22.5
