center_x = -5.95434
center_y = 25.4273
center_z = -4.44998
size_x = 22.5
size_y = 22.5
size_z = 22.5
