center_x = 7.95989
center_y = 26.9937
center_z = 4.22282
size_x = 22.5
size_y = 22.5
size_z = 22.5
