center_x = -4.81679
center_y = -2.91426
center_z = 11.2079
size_x = 22.5
size_y = 22.5
size_z = 22.5
