center_x = -4.11571
center_y = -2.67134
center_z = 13.3333
size_x = 22.5
size_y = 22.5
size_z = 22.5
