center_x = 3.60487
center_y = 8.01585
center_z = 19.6723
size_x = 22.5
size_y = 22.5
size_z = 22.5
