center_x = 3.73921
center_y = 7.93292
center_z = 19.887
size_x = 22.5
size_y = 22.5
size_z = 22.5
