center_x = 4.48708
center_y = 7.75008
center_z = 19.3953
size_x = 22.5
size_y = 22.5
size_z = 22.5
