center_x = 5.19531
center_y = 14.5963
center_z = -1.40729
size_x = 22.5
size_y = 22.5
size_z = 22.5
