center_x = 58.3386
center_y = 9.71588
center_z = 4.08624
size_x = 22.5
size_y = 22.5
size_z = 22.5
