center_x = 2.21179
center_y = 4.86154
center_z = 17.6776
size_x = 22.5
size_y = 22.5
size_z = 22.5
