center_x = 9.18367
center_y = -15.8948
center_z = 0.355461
size_x = 22.5
size_y = 22.5
size_z = 22.5
