center_x = -5.98537
center_y = 19.3087
center_z = -4.33793
size_x = 22.5
size_y = 22.5
size_z = 22.5
