center_x = 0.741286
center_y = -15.2215
center_z = -4.61633
size_x = 22.5
size_y = 22.5
size_z = 22.5
