center_x = 0.663333
center_y = -15.4496
center_z = -4.68071
size_x = 22.5
size_y = 22.5
size_z = 22.5
