center_x = 0.679429
center_y = -15.2366
center_z = -4.69995
size_x = 22.5
size_y = 22.5
size_z = 22.5
