center_x = 16.5881
center_y = -3.05946
center_z = 9.23168
size_x = 22.5
size_y = 22.5
size_z = 22.5
