center_x = -1.68235
center_y = -47.6787
center_z = 6.68992
size_x = 22.5
size_y = 22.5
size_z = 22.5
