center_x = 7.26763
center_y = -7.30122
center_z = -0.641889
size_x = 22.5
size_y = 22.5
size_z = 22.5
