center_x = -8.29643
center_y = 6.88348
center_z = -1.19943
size_x = 22.5
size_y = 22.5
size_z = 22.5
