center_x = -5.54152
center_y = 6.59491
center_z = 1.34174
size_x = 22.5
size_y = 22.5
size_z = 22.5
