center_x = -4.47893
center_y = 1.62191
center_z = -29.4323
size_x = 22.5
size_y = 22.5
size_z = 22.5
