center_x = 12.2869
center_y = -2.61637
center_z = 8.95981
size_x = 22.5
size_y = 22.5
size_z = 22.5
