center_x = -2.24971
center_y = 0.73371
center_z = 13.7931
size_x = 22.5
size_y = 22.5
size_z = 22.5
