center_x = 1.31467
center_y = 0.733556
center_z = 14.207
size_x = 22.5
size_y = 22.5
size_z = 22.5
