center_x = 1.61316
center_y = 0.93608
center_z = 14.0746
size_x = 22.5
size_y = 22.5
size_z = 22.5
