center_x = 9.68572
center_y = -16.2962
center_z = 8.30506
size_x = 22.5
size_y = 22.5
size_z = 22.5
