center_x = 1.35959
center_y = -40.4378
center_z = -0.0945556
size_x = 22.5
size_y = 22.5
size_z = 22.5
