center_x = 5.36639
center_y = -0.835364
center_z = 27.5803
size_x = 22.5
size_y = 22.5
size_z = 22.5
