center_x = -3.74761
center_y = -14.8508
center_z = -9.79132
size_x = 22.5
size_y = 22.5
size_z = 22.5
