center_x = 9.85404
center_y = 6.69754
center_z = 10.261
size_x = 22.5
size_y = 22.5
size_z = 22.5
