center_x = 9.63847
center_y = 6.96037
center_z = 10.8032
size_x = 22.5
size_y = 22.5
size_z = 22.5
