center_x = 9.71883
center_y = 7.02714
center_z = 10.6623
size_x = 22.5
size_y = 22.5
size_z = 22.5
