center_x = 0.275292
center_y = -15.7711
center_z = -4.66979
size_x = 22.5
size_y = 22.5
size_z = 22.5
