center_x = 2.80112
center_y = -19.3145
center_z = 3.56264
size_x = 22.5
size_y = 22.5
size_z = 22.5
