center_x = -2.29361
center_y = -6.82461
center_z = 15.792
size_x = 22.5
size_y = 22.5
size_z = 22.5
