center_x = 1.18174
center_y = 4.80882
center_z = 13.9069
size_x = 22.5
size_y = 22.5
size_z = 22.5
