center_x = 29.8904
center_y = 8.00281
center_z = 0.787778
size_x = 22.5
size_y = 22.5
size_z = 22.5
