center_x = -13.0925
center_y = -7.42769
center_z = 2.93906
size_x = 22.5
size_y = 22.5
size_z = 22.5
