center_x = 7.50218
center_y = 11.7996
center_z = -9.06105
size_x = 22.5
size_y = 22.5
size_z = 22.5
