center_x = -3.44476
center_y = 3.96995
center_z = 8.95405
size_x = 22.5
size_y = 22.5
size_z = 22.5
