center_x = -6.55305
center_y = -28.7175
center_z = 6.96025
size_x = 22.5
size_y = 22.5
size_z = 22.5
