center_x = 6.29457
center_y = 29.7434
center_z = 6.54993
size_x = 22.5
size_y = 22.5
size_z = 22.5
