center_x = -14.8613
center_y = 1.12147
center_z = -8.13415
size_x = 22.5
size_y = 22.5
size_z = 22.5
