center_x = 14.7835
center_y = 7.55154
center_z = 0.370846
size_x = 22.5
size_y = 22.5
size_z = 22.5
