center_x = 5.47803
center_y = -33.8653
center_z = -2.28079
size_x = 22.5
size_y = 22.5
size_z = 22.5
