center_x = -41.6108
center_y = -2.12851
center_z = -1.03914
size_x = 22.5
size_y = 22.5
size_z = 22.5
