center_x = 25.6194
center_y = 3.59746
center_z = 1.58967
size_x = 22.5
size_y = 22.5
size_z = 22.5
