center_x = 6.23933
center_y = 56.7775
center_z = 1.28339
size_x = 22.5
size_y = 22.5
size_z = 22.5
