center_x = -4.12809
center_y = 8.21794
center_z = 56.3121
size_x = 22.5
size_y = 22.5
size_z = 22.5
