center_x = -6.03222
center_y = -1.81493
center_z = 11.108
size_x = 22.5
size_y = 22.5
size_z = 22.5
