center_x = 15.1876
center_y = 5.96215
center_z = -0.364441
size_x = 22.5
size_y = 22.5
size_z = 22.5
