center_x = 0.260536
center_y = -3.41393
center_z = -2.58471
size_x = 22.5
size_y = 22.5
size_z = 22.5
