center_x = 1.82818
center_y = -4.67124
center_z = 1.14635
size_x = 22.5
size_y = 22.5
size_z = 22.5
