center_x = 5.51839
center_y = -3.03639
center_z = 24.2195
size_x = 22.5
size_y = 22.5
size_z = 22.5
