center_x = -24.025
center_y = -5.98343
center_z = 7.50376
size_x = 22.5
size_y = 22.5
size_z = 22.5
