center_x = -7.26822
center_y = 13.7082
center_z = -0.542826
size_x = 22.5
size_y = 22.5
size_z = 22.5
