center_x = -3.56103
center_y = 2.50609
center_z = -27.5005
size_x = 22.5
size_y = 22.5
size_z = 22.5
