center_x = -4.43077
center_y = 53.1596
center_z = 4.67477
size_x = 22.5
size_y = 22.5
size_z = 22.5
