center_x = -2.56555
center_y = 0.489595
center_z = -21.6816
size_x = 22.5
size_y = 22.5
size_z = 22.5
