center_x = -25.0213
center_y = -6.61486
center_z = 8.68345
size_x = 22.5
size_y = 22.5
size_z = 22.5
