center_x = 40.9513
center_y = 2.43159
center_z = -0.994591
size_x = 22.5
size_y = 22.5
size_z = 22.5
