center_x = -4.10865
center_y = -5.78044
center_z = 68.8253
size_x = 22.5
size_y = 22.5
size_z = 22.5
