center_x = 8.07793
center_y = -2.09379
center_z = -0.682393
size_x = 22.5
size_y = 22.5
size_z = 22.5
