center_x = 15.7717
center_y = 7.09767
center_z = 0.716939
size_x = 22.5
size_y = 22.5
size_z = 22.5
