center_x = 7.63125
center_y = -2.98522
center_z = -8.72209
size_x = 22.5
size_y = 22.5
size_z = 22.5
