center_x = -11.6487
center_y = 7.56493
center_z = -1.60355
size_x = 22.5
size_y = 22.5
size_z = 22.5
