center_x = 1.04236
center_y = 6.95084
center_z = 18.493
size_x = 22.5
size_y = 22.5
size_z = 22.5
