center_x = 1.26494
center_y = 6.94382
center_z = 19.1627
size_x = 22.5
size_y = 22.5
size_z = 22.5
