center_x = -5.60309
center_y = 9.38662
center_z = 14.4812
size_x = 22.5
size_y = 22.5
size_z = 22.5
