center_x = -0.30187
center_y = 4.80583
center_z = 85.0441
size_x = 22.5
size_y = 22.5
size_z = 22.5
