center_x = 14.0356
center_y = 8.10564
center_z = 3.92147
size_x = 22.5
size_y = 22.5
size_z = 22.5
