center_x = 41.1051
center_y = 2.77678
center_z = 1.58515
size_x = 22.5
size_y = 22.5
size_z = 22.5
