center_x = -17.6373
center_y = -5.09467
center_z = 1.28243
size_x = 22.5
size_y = 22.5
size_z = 22.5
