center_x = -5.98445
center_y = 64.4428
center_z = 1.95674
size_x = 22.5
size_y = 22.5
size_z = 22.5
