center_x = -6.32762
center_y = -3.82662
center_z = 22.2608
size_x = 22.5
size_y = 22.5
size_z = 22.5
