center_x = 21.8579
center_y = 5.41433
center_z = 5.00591
size_x = 22.5
size_y = 22.5
size_z = 22.5
