center_x = -5.36681
center_y = -2.98642
center_z = 22.2949
size_x = 22.5
size_y = 22.5
size_z = 22.5
