center_x = -4.19348
center_y = -4.00943
center_z = 21.9806
size_x = 22.5
size_y = 22.5
size_z = 22.5
