center_x = -3.80587
center_y = -3.76073
center_z = 21.5076
size_x = 22.5
size_y = 22.5
size_z = 22.5
