center_x = -5.15778
center_y = -5.17889
center_z = 21.1877
size_x = 22.5
size_y = 22.5
size_z = 22.5
