center_x = 3.67646
center_y = 2.96889
center_z = 16.899
size_x = 22.5
size_y = 22.5
size_z = 22.5
