center_x = -9.58315
center_y = 9.14282
center_z = 7.37876
size_x = 22.5
size_y = 22.5
size_z = 22.5
