center_x = -51.9036
center_y = -8.70384
center_z = -9.68694
size_x = 22.5
size_y = 22.5
size_z = 22.5
