center_x = -9.09915
center_y = 8.94079
center_z = 9.33861
size_x = 22.5
size_y = 22.5
size_z = 22.5
