center_x = -9.22637
center_y = 8.79846
center_z = 9.113
size_x = 22.5
size_y = 22.5
size_z = 22.5
