center_x = -3.81319
center_y = 2.85969
center_z = 14.2137
size_x = 22.5
size_y = 22.5
size_z = 22.5
