center_x = 15.9506
center_y = 5.43463
center_z = 0.558033
size_x = 22.5
size_y = 22.5
size_z = 22.5
