center_x = 28.4815
center_y = 9.12135
center_z = 0.460588
size_x = 22.5
size_y = 22.5
size_z = 22.5
