center_x = -16.2133
center_y = 7.43163
center_z = -4.36744
size_x = 22.5
size_y = 22.5
size_z = 22.5
