center_x = -15.21
center_y = 7.62661
center_z = -5.00743
size_x = 22.5
size_y = 22.5
size_z = 22.5
