center_x = -5.72805
center_y = -31.8284
center_z = -8.13362
size_x = 22.5
size_y = 22.5
size_z = 22.5
