center_x = 15.5294
center_y = 7.74173
center_z = 1.17343
size_x = 22.5
size_y = 22.5
size_z = 22.5
