center_x = 15.5776
center_y = 7.74593
center_z = 1.38437
size_x = 22.5
size_y = 22.5
size_z = 22.5
