center_x = 15.249
center_y = 6.89931
center_z = -1.53272
size_x = 22.5
size_y = 22.5
size_z = 22.5
