center_x = 18.2585
center_y = 2.78908
center_z = 3.43354
size_x = 22.5
size_y = 22.5
size_z = 22.5
