center_x = 124.458
center_y = -6.72398
center_z = -0.0386327
size_x = 22.5
size_y = 22.5
size_z = 22.5
