center_x = -0.868442
center_y = -8.74251
center_z = -23.2971
size_x = 22.5
size_y = 22.5
size_z = 22.5
