center_x = -3.53268
center_y = -9.30464
center_z = -21.3148
size_x = 22.5
size_y = 22.5
size_z = 22.5
