center_x = 121.906
center_y = -6.18206
center_z = -0.755788
size_x = 22.5
size_y = 22.5
size_z = 22.5
