center_x = -61.2987
center_y = 2.31813
center_z = -1.25913
size_x = 22.5
size_y = 22.5
size_z = 22.5
