center_x = 8.40559
center_y = -23.136
center_z = -2.23207
size_x = 22.5
size_y = 22.5
size_z = 22.5
