center_x = 9.06623
center_y = -25.068
center_z = -3.30393
size_x = 22.5
size_y = 22.5
size_z = 22.5
