center_x = 17.4249
center_y = 8.24687
center_z = 6.81956
size_x = 22.5
size_y = 22.5
size_z = 22.5
