center_x = 10.1949
center_y = 4.36447
center_z = 8.28247
size_x = 22.5
size_y = 22.5
size_z = 22.5
