center_x = -8.14932
center_y = -21.6566
center_z = -4.62421
size_x = 22.5
size_y = 22.5
size_z = 22.5
