center_x = 33.3537
center_y = 7.30083
center_z = 2.49374
size_x = 22.5
size_y = 22.5
size_z = 22.5
