center_x = -48.875
center_y = -5.26469
center_z = 3.49086
size_x = 22.5
size_y = 22.5
size_z = 22.5
