center_x = 14.8538
center_y = -6.53656
center_z = 8.49566
size_x = 22.5
size_y = 22.5
size_z = 22.5
