center_x = 0.500655
center_y = -7.64151
center_z = -15.4712
size_x = 22.5
size_y = 22.5
size_z = 22.5
