center_x = -9.89086
center_y = 4.17471
center_z = -31.1735
size_x = 22.5
size_y = 22.5
size_z = 22.5
