center_x = 2.45763
center_y = 46.8238
center_z = 6.23703
size_x = 22.5
size_y = 22.5
size_z = 22.5
