center_x = 12.0494
center_y = 6.09342
center_z = 2.13616
size_x = 22.5
size_y = 22.5
size_z = 22.5
