center_x = 12.3224
center_y = 6.79511
center_z = 1.48705
size_x = 22.5
size_y = 22.5
size_z = 22.5
