center_x = -8.71322
center_y = 53.8833
center_z = -2.92533
size_x = 22.5
size_y = 22.5
size_z = 22.5
