center_x = 0.169333
center_y = 3.91175
center_z = -12.8994
size_x = 22.5
size_y = 22.5
size_z = 22.5
