center_x = -3.69595
center_y = 0.273545
center_z = -35.4687
size_x = 22.5
size_y = 22.5
size_z = 22.5
