center_x = 3.89061
center_y = -0.125522
center_z = 35.7045
size_x = 22.5
size_y = 22.5
size_z = 22.5
