center_x = 1.64055
center_y = 1.37841
center_z = 13.8031
size_x = 22.5
size_y = 22.5
size_z = 22.5
