center_x = 7.74292
center_y = -8.01092
center_z = 14.5811
size_x = 22.5
size_y = 22.5
size_z = 22.5
