center_x = -4.61677
center_y = 2.30823
center_z = 13.7295
size_x = 22.5
size_y = 22.5
size_z = 22.5
