center_x = -3.94138
center_y = 2.54858
center_z = 13.5163
size_x = 22.5
size_y = 22.5
size_z = 22.5
