center_x = 23.368
center_y = -2.48783
center_z = -9.89686
size_x = 22.5
size_y = 22.5
size_z = 22.5
