center_x = 24.0717
center_y = 0.957393
center_z = 1.60257
size_x = 22.5
size_y = 22.5
size_z = 22.5
