center_x = -3.87005
center_y = 4.91516
center_z = 14.7146
size_x = 22.5
size_y = 22.5
size_z = 22.5
