center_x = -3.57127
center_y = 5.85627
center_z = 14.5437
size_x = 22.5
size_y = 22.5
size_z = 22.5
