center_x = -9.18382
center_y = 12.0534
center_z = -9.78182
size_x = 22.5
size_y = 22.5
size_z = 22.5
