center_x = 6.05433
center_y = 2.97971
center_z = 25.4389
size_x = 22.5
size_y = 22.5
size_z = 22.5
