center_x = 5.92929
center_y = 29.0198
center_z = 4.19106
size_x = 22.5
size_y = 22.5
size_z = 22.5
