center_x = 0.2528
center_y = 6.05309
center_z = 6.51049
size_x = 22.5
size_y = 22.5
size_z = 22.5
