center_x = -4.61728
center_y = 19.9229
center_z = -4.20047
size_x = 22.5
size_y = 22.5
size_z = 22.5
