center_x = -4.23913
center_y = 19.2753
center_z = -4.76494
size_x = 22.5
size_y = 22.5
size_z = 22.5
