center_x = 27.5167
center_y = 2.22295
center_z = 4.04705
size_x = 22.5
size_y = 22.5
size_z = 22.5
