center_x = -3.90881
center_y = 1.03753
center_z = 16.1666
size_x = 22.5
size_y = 22.5
size_z = 22.5
