center_x = -4.42752
center_y = -0.880897
center_z = 15.025
size_x = 22.5
size_y = 22.5
size_z = 22.5
