center_x = -1.89553
center_y = 2.19687
center_z = 16.1291
size_x = 22.5
size_y = 22.5
size_z = 22.5
