center_x = -7.92249
center_y = 7.04043
center_z = -10.2424
size_x = 22.5
size_y = 22.5
size_z = 22.5
