center_x = -27.0926
center_y = 4.56162
center_z = -1.07921
size_x = 22.5
size_y = 22.5
size_z = 22.5
