center_x = 8.62529
center_y = -7.71214
center_z = -0.952524
size_x = 22.5
size_y = 22.5
size_z = 22.5
