center_x = -7.43028
center_y = -7.55978
center_z = 0.574556
size_x = 22.5
size_y = 22.5
size_z = 22.5
