center_x = 1.82135
center_y = -15.7835
center_z = -4.95496
size_x = 22.5
size_y = 22.5
size_z = 22.5
