center_x = -4.52211
center_y = 3.66774
center_z = 13.0217
size_x = 22.5
size_y = 22.5
size_z = 22.5
