center_x = 10.3672
center_y = -6.49077
center_z = -2.41077
size_x = 22.5
size_y = 22.5
size_z = 22.5
