center_x = 1.09123
center_y = 9.86918
center_z = 0.902193
size_x = 22.5
size_y = 22.5
size_z = 22.5
