center_x = 21.674
center_y = 0.269611
center_z = 6.13119
size_x = 22.5
size_y = 22.5
size_z = 22.5
