center_x = 25.2467
center_y = 7.27166
center_z = 3.24215
size_x = 22.5
size_y = 22.5
size_z = 22.5
