center_x = 32.1021
center_y = 2.11975
center_z = -6.36036
size_x = 22.5
size_y = 22.5
size_z = 22.5
