center_x = 0.104687
center_y = 4.05641
center_z = -19.3091
size_x = 22.5
size_y = 22.5
size_z = 22.5
