center_x = 0.138455
center_y = 4.12776
center_z = -19.2531
size_x = 22.5
size_y = 22.5
size_z = 22.5
