center_x = -0.2794
center_y = 3.54989
center_z = 6.55637
size_x = 22.5
size_y = 22.5
size_z = 22.5
