center_x = 4.51035
center_y = -0.8243
center_z = 2.81205
size_x = 22.5
size_y = 22.5
size_z = 22.5
