center_x = 4.59275
center_y = 1.15264
center_z = 12.8145
size_x = 22.5
size_y = 22.5
size_z = 22.5
