center_x = 4.20094
center_y = 1.28728
center_z = 13.077
size_x = 22.5
size_y = 22.5
size_z = 22.5
