center_x = 4.22118
center_y = 8.02086
center_z = 18.2672
size_x = 22.5
size_y = 22.5
size_z = 22.5
