center_x = 2.64279
center_y = 6.99286
center_z = 18.865
size_x = 22.5
size_y = 22.5
size_z = 22.5
