center_x = 1.61867
center_y = 1.11452
center_z = 13.8406
size_x = 22.5
size_y = 22.5
size_z = 22.5
