center_x = 1.15841
center_y = 1.55207
center_z = 13.3893
size_x = 22.5
size_y = 22.5
size_z = 22.5
