center_x = 4.09842
center_y = 0.284818
center_z = 1.82282
size_x = 22.5
size_y = 22.5
size_z = 22.5
