center_x = 8.07742
center_y = -6.29155
center_z = 18.2322
size_x = 22.5
size_y = 22.5
size_z = 22.5
