center_x = -15.0945
center_y = -3.15483
center_z = -2.89779
size_x = 22.5
size_y = 22.5
size_z = 22.5
