center_x = -12.9311
center_y = 2.98012
center_z = -7.39675
size_x = 22.5
size_y = 22.5
size_z = 22.5
