center_x = 9.24917
center_y = -11.9706
center_z = 6.05339
size_x = 22.5
size_y = 22.5
size_z = 22.5
