center_x = 12.6735
center_y = 4.10009
center_z = 0.762651
size_x = 22.5
size_y = 22.5
size_z = 22.5
