center_x = 1.77835
center_y = -21.9037
center_z = 0.107395
size_x = 22.5
size_y = 22.5
size_z = 22.5
