center_x = -0.0216667
center_y = -4.46733
center_z = 13.1147
size_x = 22.5
size_y = 22.5
size_z = 22.5
