center_x = -2.92818
center_y = -15.7734
center_z = -0.570321
size_x = 22.5
size_y = 22.5
size_z = 22.5
