center_x = -27.2429
center_y = 9.81763
center_z = 2.52945
size_x = 22.5
size_y = 22.5
size_z = 22.5
