center_x = 0.606359
center_y = -3.14156
center_z = 14.9217
size_x = 22.5
size_y = 22.5
size_z = 22.5
