center_x = 85.7004
center_y = 1.14422
center_z = 9.26472
size_x = 22.5
size_y = 22.5
size_z = 22.5
