center_x = -5.87772
center_y = 33.8813
center_z = 3.50555
size_x = 22.5
size_y = 22.5
size_z = 22.5
