center_x = -1.61206
center_y = 9.11787
center_z = -16.9179
size_x = 22.5
size_y = 22.5
size_z = 22.5
