center_x = 14.6679
center_y = -3.91367
center_z = -8.60407
size_x = 22.5
size_y = 22.5
size_z = 22.5
