center_x = -6.83538
center_y = 3.19965
center_z = 23.8516
size_x = 22.5
size_y = 22.5
size_z = 22.5
