center_x = 0.289424
center_y = -0.175636
center_z = 14.7696
size_x = 22.5
size_y = 22.5
size_z = 22.5
