center_x = -12.518
center_y = -0.909778
center_z = -3.16341
size_x = 22.5
size_y = 22.5
size_z = 22.5
