center_x = 9.24762
center_y = -25.3776
center_z = -2.59344
size_x = 22.5
size_y = 22.5
size_z = 22.5
