center_x = -41.8977
center_y = -2.12174
center_z = 1.58863
size_x = 22.5
size_y = 22.5
size_z = 22.5
