center_x = -2.97794
center_y = 4.39031
center_z = 33.4404
size_x = 22.5
size_y = 22.5
size_z = 22.5
