center_x = 27.1194
center_y = 9.39828
center_z = 4.67205
size_x = 22.5
size_y = 22.5
size_z = 22.5
