center_x = 1.11187
center_y = 7.01929
center_z = 4.67029
size_x = 22.5
size_y = 22.5
size_z = 22.5
