center_x = 30.2274
center_y = -1.82456
center_z = -0.180094
size_x = 22.5
size_y = 22.5
size_z = 22.5
