center_x = 30.0507
center_y = 9.48759
center_z = -7.79559
size_x = 22.5
size_y = 22.5
size_z = 22.5
