center_x = -3.93597
center_y = -4.61275
center_z = 11.1387
size_x = 22.5
size_y = 22.5
size_z = 22.5
