center_x = -3.79484
center_y = -4.24482
center_z = 10.9003
size_x = 22.5
size_y = 22.5
size_z = 22.5
