center_x = -3.87991
center_y = -4.83271
center_z = 11.3822
size_x = 22.5
size_y = 22.5
size_z = 22.5
