center_x = 0.0489032
center_y = -3.00642
center_z = -20.9229
size_x = 22.5
size_y = 22.5
size_z = 22.5
