center_x = -7.80335
center_y = 15.9229
center_z = 0.49975
size_x = 22.5
size_y = 22.5
size_z = 22.5
