center_x = -2.94392
center_y = -8.77033
center_z = -27.6658
size_x = 22.5
size_y = 22.5
size_z = 22.5
