center_x = -0.28244
center_y = 0.50468
center_z = -4.90484
size_x = 22.5
size_y = 22.5
size_z = 22.5
