center_x = 10.9436
center_y = -6.28128
center_z = -2.52708
size_x = 22.5
size_y = 22.5
size_z = 22.5
