center_x = -17.3782
center_y = -0.002925
center_z = 1.61012
size_x = 22.5
size_y = 22.5
size_z = 22.5
