center_x = -8.53018
center_y = 2.56112
center_z = -5.36788
size_x = 22.5
size_y = 22.5
size_z = 22.5
