center_x = 9.08727
center_y = 9.54402
center_z = 25.9573
size_x = 22.5
size_y = 22.5
size_z = 22.5
