center_x = -27.404
center_y = -7.07357
center_z = -8.66315
size_x = 22.5
size_y = 22.5
size_z = 22.5
