center_x = 30.2969
center_y = 7.68533
center_z = -7.42354
size_x = 22.5
size_y = 22.5
size_z = 22.5
