center_x = 28.999
center_y = 7.17311
center_z = -6.14583
size_x = 22.5
size_y = 22.5
size_z = 22.5
