center_x = 18.3099
center_y = -9.71477
center_z = 0.791409
size_x = 22.5
size_y = 22.5
size_z = 22.5
