center_x = -6.68875
center_y = -14.7757
center_z = 1.89597
size_x = 22.5
size_y = 22.5
size_z = 22.5
