center_x = 17.629
center_y = -5.09397
center_z = 8.14924
size_x = 22.5
size_y = 22.5
size_z = 22.5
