center_x = -8.20221
center_y = -20.8699
center_z = 3.69148
size_x = 22.5
size_y = 22.5
size_z = 22.5
