center_x = 6.57585
center_y = 2.65476
center_z = -26.5412
size_x = 22.5
size_y = 22.5
size_z = 22.5
