center_x = -2.06431
center_y = 46.0265
center_z = 2.69453
size_x = 22.5
size_y = 22.5
size_z = 22.5
