center_x = 20.6965
center_y = 6.01971
center_z = 0.965143
size_x = 22.5
size_y = 22.5
size_z = 22.5
