center_x = -20.787
center_y = 7.32724
center_z = -2.66681
size_x = 22.5
size_y = 22.5
size_z = 22.5
