center_x = -3.48251
center_y = -36.0153
center_z = -5.34331
size_x = 22.5
size_y = 22.5
size_z = 22.5
