center_x = -3.88624
center_y = -36.5444
center_z = -5.98645
size_x = 22.5
size_y = 22.5
size_z = 22.5
