center_x = 15.056
center_y = -2.49264
center_z = 0.0652727
size_x = 22.5
size_y = 22.5
size_z = 22.5
