center_x = 30.4986
center_y = 9.33779
center_z = -8.65941
size_x = 22.5
size_y = 22.5
size_z = 22.5
