center_x = 29.7994
center_y = 8.41213
center_z = -7.22473
size_x = 22.5
size_y = 22.5
size_z = 22.5
