center_x = 5.28885
center_y = -27.4072
center_z = -6.85923
size_x = 22.5
size_y = 22.5
size_z = 22.5
