center_x = -5.23167
center_y = 29.7695
center_z = -6.80218
size_x = 22.5
size_y = 22.5
size_z = 22.5
