center_x = 1.86271
center_y = -29.1097
center_z = -5.75983
size_x = 22.5
size_y = 22.5
size_z = 22.5
