center_x = 3.49995
center_y = 8.66316
center_z = 82.3458
size_x = 22.5
size_y = 22.5
size_z = 22.5
