center_x = -3.44084
center_y = 3.75581
center_z = 12.9339
size_x = 22.5
size_y = 22.5
size_z = 22.5
