center_x = 4.73037
center_y = 4.60062
center_z = 12.8137
size_x = 22.5
size_y = 22.5
size_z = 22.5
