center_x = 13.4962
center_y = 4.60911
center_z = 7.54578
size_x = 22.5
size_y = 22.5
size_z = 22.5
