center_x = -6.87371
center_y = 36.1677
center_z = -3.74474
size_x = 22.5
size_y = 22.5
size_z = 22.5
