center_x = 4.86079
center_y = -29.9771
center_z = -5.61541
size_x = 22.5
size_y = 22.5
size_z = 22.5
