center_x = -4.63356
center_y = 31.6677
center_z = -3.82271
size_x = 22.5
size_y = 22.5
size_z = 22.5
