center_x = -4.75779
center_y = 31.9078
center_z = -1.85788
size_x = 22.5
size_y = 22.5
size_z = 22.5
