center_x = -0.482794
center_y = -6.06512
center_z = 22.8195
size_x = 22.5
size_y = 22.5
size_z = 22.5
