center_x = -2.14425
center_y = -8.79934
center_z = -21.7568
size_x = 22.5
size_y = 22.5
size_z = 22.5
