center_x = 8.78355
center_y = 1.65742
center_z = 21.6952
size_x = 22.5
size_y = 22.5
size_z = 22.5
