center_x = 8.56703
center_y = 1.66597
center_z = 21.9267
size_x = 22.5
size_y = 22.5
size_z = 22.5
