center_x = 9.90374
center_y = -0.887526
center_z = -0.122211
size_x = 22.5
size_y = 22.5
size_z = 22.5
