center_x = 13.6983
center_y = 4.85554
center_z = -5.03218
size_x = 22.5
size_y = 22.5
size_z = 22.5
