center_x = -15.9106
center_y = -9.30994
center_z = 9.74735
size_x = 22.5
size_y = 22.5
size_z = 22.5
