center_x = -4.50814
center_y = 4.31695
center_z = 14.1203
size_x = 22.5
size_y = 22.5
size_z = 22.5
