center_x = -4.61052
center_y = 4.06119
center_z = 14.2536
size_x = 22.5
size_y = 22.5
size_z = 22.5
