center_x = 5.5369
center_y = 9.97032
center_z = -6.65284
size_x = 22.5
size_y = 22.5
size_z = 22.5
