center_x = -22.7737
center_y = 3.64682
center_z = -9.28682
size_x = 22.5
size_y = 22.5
size_z = 22.5
