center_x = -22.6703
center_y = 3.44886
center_z = -9.52418
size_x = 22.5
size_y = 22.5
size_z = 22.5
