center_x = 8.75661
center_y = -1.72597
center_z = -21.4706
size_x = 22.5
size_y = 22.5
size_z = 22.5
