center_x = 5.48865
center_y = -3.07143
center_z = -21.3679
size_x = 22.5
size_y = 22.5
size_z = 22.5
