center_x = 0.314825
center_y = 0.15765
center_z = 6.12658
size_x = 22.5
size_y = 22.5
size_z = 22.5
