center_x = 3.71455
center_y = -28.811
center_z = -4.68595
size_x = 22.5
size_y = 22.5
size_z = 22.5
