center_x = 3.59383
center_y = -45.4388
center_z = -8.28569
size_x = 22.5
size_y = 22.5
size_z = 22.5
