center_x = 2.40518
center_y = -43.8199
center_z = -9.77709
size_x = 22.5
size_y = 22.5
size_z = 22.5
