center_x = -1.14831
center_y = 0.60331
center_z = -13.5547
size_x = 22.5
size_y = 22.5
size_z = 22.5
