center_x = -2.56716
center_y = 46.0641
center_z = 0.869625
size_x = 22.5
size_y = 22.5
size_z = 22.5
