center_x = -2.55034
center_y = 46.0945
center_z = 0.957063
size_x = 22.5
size_y = 22.5
size_z = 22.5
