center_x = -27.1394
center_y = 2.57933
center_z = -4.74511
size_x = 22.5
size_y = 22.5
size_z = 22.5
