center_x = -10.767
center_y = 6.93596
center_z = -1.98792
size_x = 22.5
size_y = 22.5
size_z = 22.5
