center_x = 4.72796
center_y = 9.04764
center_z = 1.6134
size_x = 22.5
size_y = 22.5
size_z = 22.5
