center_x = 4.97796
center_y = -3.86932
center_z = -13.1077
size_x = 22.5
size_y = 22.5
size_z = 22.5
