center_x = 5.94242
center_y = 26.7682
center_z = 5.59841
size_x = 22.5
size_y = 22.5
size_z = 22.5
