center_x = 0.865571
center_y = 0.923107
center_z = 14.0417
size_x = 22.5
size_y = 22.5
size_z = 22.5
