center_x = -7.47723
center_y = 6.37523
center_z = 20.2358
size_x = 22.5
size_y = 22.5
size_z = 22.5
