center_x = 1.02746
center_y = -0.385417
center_z = 15.5881
size_x = 22.5
size_y = 22.5
size_z = 22.5
