center_x = -6.47913
center_y = 21.0006
center_z = -3.36291
size_x = 22.5
size_y = 22.5
size_z = 22.5
