center_x = 6.83669
center_y = 26.5551
center_z = 4.34494
size_x = 22.5
size_y = 22.5
size_z = 22.5
