center_x = 4.91841
center_y = 8.97786
center_z = 0.780793
size_x = 22.5
size_y = 22.5
size_z = 22.5
