center_x = 5.78811
center_y = 26.4413
center_z = 5.87115
size_x = 22.5
size_y = 22.5
size_z = 22.5
