center_x = -7.89022
center_y = 7.86241
center_z = 0.884333
size_x = 22.5
size_y = 22.5
size_z = 22.5
