center_x = 8.30435
center_y = -21.5194
center_z = -4.41972
size_x = 22.5
size_y = 22.5
size_z = 22.5
