center_x = -1.78258
center_y = 9.69932
center_z = 27.0361
size_x = 22.5
size_y = 22.5
size_z = 22.5
