center_x = 12.9231
center_y = -3.45883
center_z = -7.72007
size_x = 22.5
size_y = 22.5
size_z = 22.5
