center_x = -6.39114
center_y = 9.8245
center_z = 1.21007
size_x = 22.5
size_y = 22.5
size_z = 22.5
