center_x = 5.47333
center_y = 1.19508
center_z = 19.3161
size_x = 22.5
size_y = 22.5
size_z = 22.5
