center_x = 4.66329
center_y = 0.840294
center_z = 12.8929
size_x = 22.5
size_y = 22.5
size_z = 22.5
