center_x = -4.79763
center_y = 4.24884
center_z = 14.3491
size_x = 22.5
size_y = 22.5
size_z = 22.5
