center_x = -14.6703
center_y = 9.21743
center_z = 1.55504
size_x = 22.5
size_y = 22.5
size_z = 22.5
