center_x = 15.5195
center_y = -8.21279
center_z = -0.644821
size_x = 22.5
size_y = 22.5
size_z = 22.5
