center_x = -0.0951935
center_y = -36.0991
center_z = -9.93071
size_x = 22.5
size_y = 22.5
size_z = 22.5
