center_x = -0.262625
center_y = 4.17575
center_z = 85.1267
size_x = 22.5
size_y = 22.5
size_z = 22.5
