center_x = 0.39281
center_y = 6.19524
center_z = 84.502
size_x = 22.5
size_y = 22.5
size_z = 22.5
