center_x = -0.816316
center_y = 4.64695
center_z = 84.0377
size_x = 22.5
size_y = 22.5
size_z = 22.5
