center_x = -23.9665
center_y = 3.29909
center_z = -8.54236
size_x = 22.5
size_y = 22.5
size_z = 22.5
