center_x = -26.3301
center_y = 2.71269
center_z = -7.21438
size_x = 22.5
size_y = 22.5
size_z = 22.5
