center_x = -26.9791
center_y = 3.84093
center_z = -8.40473
size_x = 22.5
size_y = 22.5
size_z = 22.5
