center_x = -28.2389
center_y = 3.66283
center_z = -8.20958
size_x = 22.5
size_y = 22.5
size_z = 22.5
