center_x = -26
center_y = 2.69664
center_z = -6.92821
size_x = 22.5
size_y = 22.5
size_z = 22.5
