center_x = -26.5149
center_y = 2.94407
center_z = -7.08557
size_x = 22.5
size_y = 22.5
size_z = 22.5
