center_x = 27.8251
center_y = 9.79095
center_z = -2.90986
size_x = 22.5
size_y = 22.5
size_z = 22.5
