center_x = 8.01842
center_y = -4.31127
center_z = 4.76562
size_x = 22.5
size_y = 22.5
size_z = 22.5
