center_x = 7.58388
center_y = -3.71988
center_z = 4.45336
size_x = 22.5
size_y = 22.5
size_z = 22.5
