center_x = 9.25889
center_y = -4.14978
center_z = 4.69428
size_x = 22.5
size_y = 22.5
size_z = 22.5
