center_x = -5.11427
center_y = 7.86273
center_z = -19.8042
size_x = 22.5
size_y = 22.5
size_z = 22.5
