center_x = 1.48171
center_y = -8.50176
center_z = 8.34891
size_x = 22.5
size_y = 22.5
size_z = 22.5
