center_x = 5.28884
center_y = 26.8425
center_z = -2.23081
size_x = 22.5
size_y = 22.5
size_z = 22.5
