center_x = -4.77441
center_y = 4.18759
center_z = 14.0172
size_x = 22.5
size_y = 22.5
size_z = 22.5
