center_x = -3.99821
center_y = 4.76129
center_z = -41.7495
size_x = 22.5
size_y = 22.5
size_z = 22.5
