center_x = 0.405607
center_y = 9.07964
center_z = 70.1144
size_x = 22.5
size_y = 22.5
size_z = 22.5
