center_x = 1.77662
center_y = 27.7495
center_z = 8.76662
size_x = 22.5
size_y = 22.5
size_z = 22.5
