center_x = -31.2211
center_y = -0.599864
center_z = -1.74859
size_x = 22.5
size_y = 22.5
size_z = 22.5
