center_x = -31.0094
center_y = -0.805429
center_z = -1.58186
size_x = 22.5
size_y = 22.5
size_z = 22.5
