center_x = -2.98408
center_y = 5.43323
center_z = 14.3674
size_x = 22.5
size_y = 22.5
size_z = 22.5
