center_x = -2.99412
center_y = 5.97494
center_z = 14.2879
size_x = 22.5
size_y = 22.5
size_z = 22.5
