center_x = -5.45377
center_y = 2.75846
center_z = 14.9583
size_x = 22.5
size_y = 22.5
size_z = 22.5
