center_x = -5.94312
center_y = 9.03385
center_z = 12.7915
size_x = 22.5
size_y = 22.5
size_z = 22.5
