center_x = 4.43878
center_y = 19.5342
center_z = 7.56668
size_x = 22.5
size_y = 22.5
size_z = 22.5
