center_x = 7.2403
center_y = 3.46422
center_z = -0.0807407
size_x = 22.5
size_y = 22.5
size_z = 22.5
