center_x = -14.0005
center_y = 4.14924
center_z = -5.63995
size_x = 22.5
size_y = 22.5
size_z = 22.5
