center_x = 4.77182
center_y = 12.834
center_z = 9.77282
size_x = 22.5
size_y = 22.5
size_z = 22.5
