center_x = -3.06404
center_y = -23.6283
center_z = -9.39993
size_x = 22.5
size_y = 22.5
size_z = 22.5
