center_x = 72.1725
center_y = -4.44428
center_z = 4.88441
size_x = 22.5
size_y = 22.5
size_z = 22.5
