center_x = 10.8985
center_y = -6.58854
center_z = -2.20915
size_x = 22.5
size_y = 22.5
size_z = 22.5
