center_x = -10.3456
center_y = 6.15591
center_z = -1.80232
size_x = 22.5
size_y = 22.5
size_z = 22.5
