center_x = 14.6376
center_y = -9.54282
center_z = -8.19659
size_x = 22.5
size_y = 22.5
size_z = 22.5
