center_x = -1.82051
center_y = -19.5791
center_z = -7.41559
size_x = 22.5
size_y = 22.5
size_z = 22.5
