center_x = -8.17618
center_y = -4.38927
center_z = -2.92382
size_x = 22.5
size_y = 22.5
size_z = 22.5
