center_x = 4.65341
center_y = -8.14555
center_z = -3.68586
size_x = 22.5
size_y = 22.5
size_z = 22.5
