center_x = 4.51146
center_y = 8.54864
center_z = 37.9099
size_x = 22.5
size_y = 22.5
size_z = 22.5
