center_x = -13.9377
center_y = -3.70945
center_z = 9.28936
size_x = 22.5
size_y = 22.5
size_z = 22.5
