center_x = 5.78243
center_y = 11.6934
center_z = 9.88704
size_x = 22.5
size_y = 22.5
size_z = 22.5
