center_x = -1.8213
center_y = -9.61663
center_z = -1.43867
size_x = 22.5
size_y = 22.5
size_z = 22.5
