center_x = -2.98106
center_y = -10.4263
center_z = 0.410687
size_x = 22.5
size_y = 22.5
size_z = 22.5
