center_x = 22.376
center_y = -5.75521
center_z = 0.374618
size_x = 22.5
size_y = 22.5
size_z = 22.5
