center_x = 8.38456
center_y = -6.31538
center_z = 6.83009
size_x = 22.5
size_y = 22.5
size_z = 22.5
