center_x = -6.01619
center_y = 27.6317
center_z = -9.24256
size_x = 22.5
size_y = 22.5
size_z = 22.5
