center_x = -3.99381
center_y = 7.96272
center_z = 13.0472
size_x = 22.5
size_y = 22.5
size_z = 22.5
