center_x = 27.1128
center_y = 2.06895
center_z = -2.01705
size_x = 22.5
size_y = 22.5
size_z = 22.5
