center_x = 19.4342
center_y = 6.57646
center_z = -4.83296
size_x = 22.5
size_y = 22.5
size_z = 22.5
