center_x = 29.4895
center_y = -2.47481
center_z = -3.85287
size_x = 22.5
size_y = 22.5
size_z = 22.5
