center_x = 16.2307
center_y = 8.64741
center_z = -5.90711
size_x = 22.5
size_y = 22.5
size_z = 22.5
