center_x = 17.7608
center_y = 8.22205
center_z = -5.41295
size_x = 22.5
size_y = 22.5
size_z = 22.5
