center_x = 17.3597
center_y = 8.30072
center_z = -5.69019
size_x = 22.5
size_y = 22.5
size_z = 22.5
