center_x = 18.4274
center_y = 8.41083
center_z = -5.07207
size_x = 22.5
size_y = 22.5
size_z = 22.5
