center_x = 5.966
center_y = 8.58835
center_z = 8.71655
size_x = 22.5
size_y = 22.5
size_z = 22.5
