center_x = 0.03708
center_y = 0.3652
center_z = 6.80668
size_x = 22.5
size_y = 22.5
size_z = 22.5
