center_x = 0.104133
center_y = -0.135067
center_z = 6.72427
size_x = 22.5
size_y = 22.5
size_z = 22.5
