center_x = 0.517536
center_y = -0.303357
center_z = 7.36
size_x = 22.5
size_y = 22.5
size_z = 22.5
