center_x = 11.3364
center_y = 9.52372
center_z = 1.23438
size_x = 22.5
size_y = 22.5
size_z = 22.5
