center_x = 5.21267
center_y = -5.17725
center_z = 78.4964
size_x = 22.5
size_y = 22.5
size_z = 22.5
