center_x = 7.14495
center_y = 6.03389
center_z = 21.8798
size_x = 22.5
size_y = 22.5
size_z = 22.5
