center_x = 7.47641
center_y = -44.2671
center_z = 0.549459
size_x = 22.5
size_y = 22.5
size_z = 22.5
