center_x = -2.48378
center_y = 10.621
center_z = 1.19265
size_x = 22.5
size_y = 22.5
size_z = 22.5
