center_x = 2.21159
center_y = 10.3748
center_z = -1.05056
size_x = 22.5
size_y = 22.5
size_z = 22.5
