center_x = -5.73389
center_y = -1.23021
center_z = -14.0597
size_x = 22.5
size_y = 22.5
size_z = 22.5
