center_x = 0.988875
center_y = -3.58959
center_z = 2.38128
size_x = 22.5
size_y = 22.5
size_z = 22.5
