center_x = 30.7066
center_y = 8.40574
center_z = -8.14567
size_x = 22.5
size_y = 22.5
size_z = 22.5
