center_x = 15.0422
center_y = 0.0543333
center_z = -9.05667
size_x = 22.5
size_y = 22.5
size_z = 22.5
