center_x = -28.0412
center_y = -9.26775
center_z = -0.133937
size_x = 22.5
size_y = 22.5
size_z = 22.5
