center_x = -28.2763
center_y = -9.18933
center_z = -0.228333
size_x = 22.5
size_y = 22.5
size_z = 22.5
