center_x = -29.1552
center_y = -9.00055
center_z = 0.75405
size_x = 22.5
size_y = 22.5
size_z = 22.5
