center_x = -29.4931
center_y = -9.09537
center_z = 0.860316
size_x = 22.5
size_y = 22.5
size_z = 22.5
