center_x = 1.08589
center_y = -0.380407
center_z = -28.2517
size_x = 22.5
size_y = 22.5
size_z = 22.5
