center_x = -3.82275
center_y = -8.14312
center_z = 18.3808
size_x = 22.5
size_y = 22.5
size_z = 22.5
