center_x = -14.414
center_y = -4.35688
center_z = -8.14218
size_x = 22.5
size_y = 22.5
size_z = 22.5
