center_x = 26.3741
center_y = 3.78311
center_z = -2.65609
size_x = 22.5
size_y = 22.5
size_z = 22.5
