center_x = -9.95376
center_y = -10.9384
center_z = -3.22084
size_x = 22.5
size_y = 22.5
size_z = 22.5
