center_x = -0.448148
center_y = 3.20367
center_z = 84.5847
size_x = 22.5
size_y = 22.5
size_z = 22.5
