center_x = -0.255059
center_y = 5.28294
center_z = 84.5793
size_x = 22.5
size_y = 22.5
size_z = 22.5
