center_x = 7.98572
center_y = 2.32845
center_z = 82.0012
size_x = 22.5
size_y = 22.5
size_z = 22.5
