center_x = 0.285687
center_y = 7.77125
center_z = 85.0622
size_x = 22.5
size_y = 22.5
size_z = 22.5
