center_x = -2.02144
center_y = -1.69268
center_z = 14.0865
size_x = 22.5
size_y = 22.5
size_z = 22.5
