center_x = -1.63273
center_y = -1.41985
center_z = 13.697
size_x = 22.5
size_y = 22.5
size_z = 22.5
